trecsQ2.txt
 -- Radiance Enhancement %
Wavelength | Impact Enhancement | Impact Error | Background Enhancement | Backgrdound Error
      15.8356         -NaN         -NaN         -NaN         -NaN
      15.8689      1.46646    0.0680016     0.950000      0.00000
      15.9021      1.54690    0.0914031      1.20342    0.0826168
      15.9354      1.61349    0.0472651      1.04402    0.0839730
      15.9687      1.18202    0.0302644     0.954489    0.0104912
      16.0019      1.83004    0.0821486      1.04005    0.0842162
      16.0352      1.79913    0.0490159      1.07644    0.0232613
      16.0684      1.01306   0.00784478     0.950000      0.00000
      16.1017      1.45237    0.0180516      1.22899    0.0229371
      16.1350      1.81065    0.0334322      1.00759    0.0477859
      16.1682      2.11212    0.0833488      1.37974    0.0904722
      16.2015      1.40929    0.0188985      1.02401    0.0505982
      16.2348      1.83007    0.0486681      1.33877     0.116307
      16.2680      2.01047    0.0603617      1.22893    0.0606761
      16.3013      2.19360    0.0772455      1.06928    0.0334834
      16.3345      1.35927    0.0432551      1.12815    0.0458763
      16.3678      1.09110    0.0192864      1.20411     0.104273
      16.4011      1.41057    0.0386723      1.19061     0.150120
      16.4343      1.17279    0.0263320      1.35497     0.113643
      16.4676      1.37194    0.0461845      1.22332     0.115837
      16.5008      2.45377     0.132529     0.950000      0.00000
      16.5341      4.39464     0.486231      8.44649      5.58202
      16.5674      1.94660     0.153428      1.26879     0.149626
      16.6006      2.66588     0.168834      1.07918     0.123814
      16.6339      1.16266    0.0274795     0.950000      0.00000
      16.6671      5.16713     0.509321      1.14380     0.172880
      16.7004      34.8755      4.17690      1.06969    0.0843682
      16.7337      4.61042     0.428443      1.81898     0.301176
      16.7669     0.950000      0.00000     0.950000      0.00000
      16.8002     0.950000      0.00000      1.02873    0.0623825
      16.8335     0.950000      0.00000     0.950000      0.00000
      16.8667      1.08558    0.0188991      1.00626    0.0350342
      16.9000      1.03514   0.00995441     0.953007   0.00706617
      16.9332      1.01631   0.00961308     0.953876   0.00870651
      16.9665      1.00629   0.00842293     0.997767    0.0239696
      16.9998      1.15554   0.00901273     0.991326    0.0115040
      17.0330      1.19649   0.00935726     0.982629    0.0144092
      17.0663      1.16261    0.0110463     0.990645    0.0162984
      17.0995      1.19534    0.0121552     0.962111    0.0143364
      17.1328      1.19372    0.0152571     0.999846    0.0105802
      17.1661      1.15259    0.0152010      1.05561   0.00771322
      17.1993      1.16379    0.0105822      1.03528   0.00741703
      17.2326      1.16637   0.00855702     0.992814   0.00788530
      17.2658      1.15358   0.00970891      1.00921   0.00528758
      17.2991      1.18003    0.0109198      1.01642   0.00356904
      17.3324      1.12877   0.00772810     0.997982   0.00472752
      17.3656      1.15731    0.0130892      1.00409   0.00597434
      17.3989      1.21100    0.0170898      1.01583   0.00866879
      17.4322      1.18479    0.0136348     0.991421   0.00334880
      17.4654      1.17203    0.0140816      1.00097   0.00237416
      17.4987      1.17435    0.0148878     0.984389   0.00160971
      17.5319      1.18426    0.0146289     0.999647   0.00254981
      17.5652      1.17835    0.0146649     0.986500   0.00452264
      17.5985      1.17793    0.0147355     0.993607   0.00106715
      17.6317      1.17186    0.0131514     0.997524   0.00308469
      17.6650      1.20508    0.0149624     0.996586   0.00284389
      17.6982      1.21397    0.0156974     0.994696   0.00229024
      17.7315      1.20684    0.0153597     0.995713   0.00181129
      17.7648      1.21600    0.0157739     0.992857   0.00157645
      17.7980      1.21408    0.0162539     0.998562   0.00198541
      17.8313      1.20934    0.0164170      1.00606   0.00170184
      17.8645      1.21293    0.0159100      1.00324   0.00200715
      17.8978      1.21200    0.0155789     0.998962   0.00160220
      17.9311      1.21278    0.0159457      1.00141   0.00147665
      17.9643      1.21711    0.0161195      1.00319   0.00161431
      17.9976      1.20659    0.0155072      1.00054  0.000754370
      18.0309      1.21133    0.0165126      1.00193   0.00231216
      18.0641      1.22280    0.0175892      1.00345   0.00302260
      18.0974      1.21878    0.0172874     0.999003   0.00172025
      18.1306      1.21154    0.0168550     0.999952   0.00105244
      18.1639      1.21304    0.0167508     0.995738   0.00117196
      18.1972      1.21645    0.0175262      1.00034   0.00113455
      18.2304      1.21146    0.0171304     0.995843  0.000483157
      18.2637      1.20626    0.0172701     0.998170   0.00135479
      18.2969      1.20501    0.0175287     0.999428   0.00250989
      18.3302      1.21934    0.0169657     0.998516   0.00266206
      18.3635      1.22510    0.0175821     0.998258   0.00203161
      18.3967      1.22454    0.0176482     0.998026  0.000882369
      18.4300      1.22787    0.0177755     0.996289  0.000900994
      18.4632      1.22575    0.0181386      1.00096   0.00186303
      18.4965      1.22131    0.0174490      1.00129   0.00130560
      18.5298      1.21172    0.0173054     0.996953  0.000605985
      18.5630      1.21126    0.0175529     0.996827   0.00142317
      18.5963      1.21912    0.0178239     0.993975   0.00208478
      18.6296      1.21766    0.0180408     0.994797   0.00235341
      18.6628      1.21048    0.0178370     0.996916   0.00294050
      18.6961      1.21212    0.0176638     0.998441   0.00225367
      18.7293      1.21794    0.0177169     0.999156   0.00288954
      18.7626      1.21997    0.0177567     0.998668   0.00197646
      18.7959      1.21396    0.0178063     0.996865   0.00153393
      18.8291      1.21253    0.0168602     0.999855   0.00157191
      18.8624      1.21668    0.0172278      1.00286   0.00246990
      18.8956      1.22075    0.0186799      1.00466   0.00372635
      18.9289      1.20353    0.0175271      1.00429   0.00313003
      18.9622      1.19613    0.0165315      1.00148   0.00285834
      18.9954      1.18618    0.0157476      1.00019   0.00361519
      19.0287      1.18257    0.0163174     0.999705   0.00223836
      19.0620      1.19558    0.0145601      1.00288   0.00179503
      19.0952      1.20444    0.0164472      1.00854   0.00279901
      19.1285      1.19755    0.0168720      1.00638   0.00195620
      19.1617      1.18952    0.0157667      1.00038   0.00193097
      19.1950      1.17151    0.0155218     0.997987  0.000922901
      19.2283      1.16680    0.0155988     0.996350   0.00131152
      19.2615      1.17188    0.0156019     0.990866   0.00276892
      19.2948      1.16402    0.0160572     0.990308   0.00281766
      19.3280      1.15146    0.0153015     0.994347   0.00391885
      19.3613      1.15466    0.0151642     0.995971   0.00197380
      19.3946      1.16697    0.0145569     0.997882   0.00251809
      19.4278      1.17049    0.0143106     0.997069   0.00238580
      19.4611      1.16532    0.0142724     0.995489   0.00155346
      19.4943      1.16514    0.0140974     0.999646   0.00159701
      19.5276      1.16933    0.0149233      1.00287   0.00243550
      19.5609      1.17006    0.0154361      1.00402   0.00315681
      19.5941      1.15580    0.0141184      1.00347   0.00239505
      19.6274      1.15351    0.0128131      1.00096   0.00267745
      19.6607      1.14693    0.0130811     0.999941   0.00311210
      19.6939      1.14607    0.0131977     0.999201   0.00249978
      19.7272      1.15415    0.0140279      1.00225   0.00168669
      19.7604      1.15781    0.0156425      1.00640   0.00198657
      19.7937      1.14615    0.0136994      1.00405  0.000930014
      19.8270      1.14022    0.0129963     0.997318   0.00221740
      19.8602      1.11767    0.0125403     0.994623   0.00135648
      19.8935      1.11884    0.0125916     0.993592   0.00263823
      19.9267      1.12635    0.0122063     0.991556   0.00195406
      19.9600      1.12625    0.0123630     0.993439   0.00213870
      19.9933      1.12402    0.0117664     0.995836   0.00230407
      20.0265      1.13011    0.0125071     0.998100   0.00154674
      20.0598      1.13312    0.0122007     0.999404   0.00181841
      20.0930      1.13234    0.0117554     0.997826   0.00159564
      20.1263      1.12751    0.0113403     0.997437   0.00130743
      20.1596      1.12933    0.0112368      1.00026   0.00145473
      20.1928      1.13264    0.0118980      1.00192   0.00204957
      20.2261      1.13300    0.0124650      1.00290   0.00278321
      20.2594      1.11920    0.0112489      1.00282   0.00222103
      20.2926      1.11647    0.0106149     0.999660   0.00291272
      20.3259      1.10821    0.0101435     0.998828   0.00227896
      20.3591      1.11342    0.0105076     0.998251   0.00195049
      20.3924      1.12186    0.0108372      1.00084   0.00163990
      20.4257      1.12892    0.0129556      1.00413   0.00139538
      20.4589      1.12199    0.0109111      1.00294   0.00114751
      20.4922      1.11819    0.0111187     0.999045   0.00138664
      20.5254      1.10791    0.0109946     0.998326  0.000584552
      20.5587      1.11015    0.0113809     0.997075   0.00132932
      20.5920      1.11371    0.0117113     0.994936   0.00179282
      20.6252      1.11221    0.0117790     0.994472   0.00228017
      20.6585      1.10680    0.0112982     0.996817   0.00246474
      20.6917      1.11012    0.0116333     0.997631   0.00149628
      20.7250      1.11617    0.0115908     0.998865   0.00200807
      20.7583      1.11911    0.0114609     0.996040   0.00164357
      20.7915      1.11532    0.0112098     0.996347   0.00149850
      20.8248      1.11741    0.0109020     0.999593   0.00152893
      20.8581      1.12134    0.0116291      1.00175   0.00215346
      20.8913      1.12306    0.0119672      1.00306   0.00243340
      20.9246      1.11188    0.0111941      1.00250   0.00137610
      20.9578      1.11158    0.0109729     0.999849   0.00273173
      20.9911      1.10717    0.0103695     0.999954   0.00213605
      21.0244      1.11275    0.0114308     0.999726   0.00191471
      21.0576      1.11878    0.0117030      1.00357   0.00218011
      21.0909      1.12309    0.0133795      1.00800   0.00194512
      21.1241      1.10732    0.0111427      1.00519   0.00310907
      21.1574      1.09903    0.0112968      1.00109   0.00238347
      21.1907      1.09398   0.00981954      1.00147   0.00297689
      21.2239      1.10406    0.0116597     0.999809   0.00204255
      21.2572      1.10845    0.0106161     0.999020   0.00169561
      21.2905      1.11105    0.0118701     0.999223   0.00116100
      21.3237      1.10767    0.0122852      1.00070   0.00117700
      21.3570      1.10720    0.0121790     0.999439  0.000619536
      21.3902      1.10435    0.0112661     0.998609   0.00108132
      21.4235      1.10492    0.0115396     0.997552  0.000952398
      21.4568      1.10345    0.0103902      1.00109  0.000880395
      21.4900      1.10699    0.0110222      1.00186  0.000977855
      21.5233      1.10436    0.0105945      1.00250   0.00110542
      21.5565      1.10635    0.0115145      1.00235   0.00170739
      21.5898      1.10419    0.0116875      1.00224   0.00117118
      21.6231      1.10525    0.0111731      1.00209   0.00146913
      21.6563      1.10714    0.0114542      1.00336   0.00171330
      21.6896      1.09994    0.0110056      1.00247   0.00181857
      21.7228      1.09888    0.0122138      1.00278   0.00163806
      21.7561      1.09585    0.0114798      1.00255  0.000777296
      21.7894      1.08703    0.0104896      1.00122   0.00186417
      21.8226      1.09051    0.0129476      1.00093   0.00191472
      21.8559      1.07348   0.00805791      1.00180   0.00458712
      21.8892      1.08670    0.0111815      1.00028   0.00417355
      21.9224      1.09126   0.00943228      1.00001   0.00295018
      21.9557      1.10150    0.0114534     0.999211   0.00204864
      21.9889      1.09667    0.0115907      1.00254   0.00182793
      22.0222      1.09878    0.0125304     0.999085  0.000971974
      22.0555      1.09395    0.0115358     0.997618   0.00188508
      22.0887      1.08843    0.0109755     0.995158   0.00154683
      22.1220      1.08357   0.00896613      1.00242   0.00191081
      22.1552      1.09176    0.0103100      1.00100   0.00180964
      22.1885      1.09232    0.0104948      1.00132   0.00134767
      22.2218      1.09555    0.0119380      1.00093   0.00175642
      22.2550      1.09457    0.0105172      1.00213  0.000967321
      22.2883      1.09826    0.0106813      1.00276   0.00172548
      22.3215      1.10036    0.0118247      1.00469   0.00185124
      22.3548      1.08922    0.0103794      1.00269   0.00162884
      22.3881      1.08861    0.0107766      1.00247  0.000652804
      22.4213      1.08820    0.0109224      1.00195   0.00134835
      22.4546      1.08110   0.00987557      1.00149   0.00203491
      22.4879      1.08717    0.0117046     0.998819   0.00116127
      22.5211      1.08284   0.00876699      1.00062   0.00328245
      22.5544      1.09093    0.0115409     0.999808   0.00218257
      22.5876      1.08761   0.00989324      1.00253   0.00291374
      22.6209      1.09693    0.0115400      1.00103   0.00368499
      22.6542      1.08536    0.0110336      1.00366   0.00206347
      22.6874      1.09452    0.0115381     0.999182   0.00150529
      22.7207      1.09381    0.0113259     0.998945   0.00244338
      22.7539      1.09337    0.0114647     0.996360   0.00178308
      22.7872      1.09047   0.00907566      1.00313   0.00200792
      22.8205      1.09543    0.0109136      1.00123   0.00148291
      22.8537      1.09157   0.00976773      1.00321  0.000987126
      22.8870      1.09470    0.0123504      1.00173   0.00229939
      22.9202      1.08772    0.0103928      1.00273   0.00144918
      22.9535      1.09455    0.0110511      1.00209   0.00227888
      22.9868      1.09447    0.0114271      1.00473   0.00183394
      23.0200      1.08396   0.00983876      1.00242   0.00158215
      23.0533      1.09038    0.0109480      1.00278   0.00144631
      23.0866      1.08605    0.0106690      1.00122   0.00176317
      23.1198      1.08206   0.00993840      1.00217   0.00201322
      23.1531      1.08687    0.0107305      1.00132   0.00158217
      23.1863      1.08553   0.00979326      1.00176   0.00181120
      23.2196      1.09001    0.0109790      1.00088   0.00129022
      23.2529      1.08548   0.00885407      1.00235   0.00181565
      23.2861      1.08824   0.00995753      1.00187   0.00214184
      23.3194      1.08649    0.0107069      1.00305   0.00136317
      23.3526      1.09160    0.0109838      1.00021  0.000911895
      23.3859      1.08458    0.0102995     0.999508   0.00142337
      23.4192      1.08363    0.0105445     0.997061   0.00115432
      23.4524      1.07630   0.00835050      1.00580   0.00141211
      23.4857      1.07811   0.00961389      1.00283   0.00195343
      23.5189      1.07091   0.00951054      1.00396   0.00171201
      23.5522      1.07069    0.0138528      1.00055   0.00365658
      23.5855      1.06316    0.0104111      1.00539   0.00430322
      23.6187      1.07912    0.0115783      1.00449   0.00590958
      23.6520      1.08358    0.0149194      1.01084   0.00437885
      23.6853      1.04902    0.0100103      1.00877   0.00400827
      23.7185      1.05284    0.0126056      1.01260   0.00357076
      23.7518      1.03663    0.0117841      1.00997    0.0121359
      23.7850      1.01615   0.00516795      1.00797    0.0147126
      23.8183      1.07263   0.00934616      1.04208   0.00493120
      23.8516      1.10676    0.0196990     0.954134    0.0104779
      23.8848      1.03495    0.0118572      1.06996    0.0173060
      23.9181      1.03387    0.0120186      1.01872    0.0162968
      23.9513      1.00194   0.00706294      1.02529   0.00982926
      23.9846      1.05854    0.0115046     0.999775   0.00411944
      24.0179      1.06228    0.0110250     0.991308   0.00389714
      24.0511      1.04257   0.00731329     0.994248   0.00562490
      24.0844      1.06926   0.00966039      1.00915   0.00194206
      24.1177      1.05285   0.00906095      1.00090   0.00201037
      24.1509      1.06539   0.00894888     0.999893   0.00154401
      24.1842      1.07375   0.00998217      1.00247   0.00166596
      24.2174      1.06550   0.00746497      1.00018   0.00130931
      24.2507      1.06504   0.00800389      1.00277   0.00172101
      24.2840      1.06638   0.00856886      1.00711   0.00162920
      24.3172      1.05207   0.00584023      1.00263   0.00109039
      24.3505      1.06239   0.00904527     0.999585   0.00196152
      24.3837      1.05804   0.00795872      1.00229   0.00179492
      24.4170      1.06649   0.00819774      1.00514   0.00108067
      24.4503      1.05395   0.00702286      1.00583   0.00114581
      24.4835      1.07066   0.00830068      1.00530  0.000922059
      24.5168      1.06781   0.00802996     0.993534   0.00290565
      24.5500      1.06138   0.00806080      1.00679   0.00146415
      24.5833      1.06800   0.00885743      1.00334   0.00214155
      24.6166      1.05444   0.00811244      1.00543   0.00129993
      24.6498      1.06439   0.00855477      1.00040   0.00108970
      24.6831      1.06679   0.00882208     0.998510   0.00220212
      24.7164      1.04834   0.00655858     0.998716   0.00225078
      24.7496      1.06898   0.00897614      1.00854   0.00165272
      24.7829      1.05081   0.00796297      1.00110   0.00174118
      24.8161      1.06275   0.00778040      1.00178   0.00142682
      24.8494      1.07201   0.00937949      1.00495   0.00313797
      24.8827      1.05661   0.00753263      1.00071   0.00195167
      24.9159      1.06472   0.00947004      1.00765   0.00344700
      24.9492      1.04084   0.00637162      1.02097   0.00372969
      24.9824      1.00622   0.00352940      1.00953   0.00665718
      25.0157      1.00268   0.00755090     0.995387    0.0115170
      25.0490     0.950000      0.00000      1.01123    0.0233911
      25.0822     0.981323   0.00366299      1.10110    0.0206609
      25.1155     0.950000      0.00000      1.36497     0.152312
      25.1487      1.05888   0.00714296      1.19908    0.0205997
      25.1820      1.01059   0.00980413     0.950097  0.000334922
      25.2153      1.03030   0.00940118      1.50671    0.0760159
      25.2485     0.950000      0.00000      1.12955     0.100453
      25.2818     0.950000      0.00000      1.24537    0.0827677
      25.3151      1.05633    0.0166933      1.01900    0.0511129
      25.3483     0.997532   0.00576641     0.964125    0.0200985
      25.3816     0.950000      0.00000     0.981854    0.0295341
      25.4148      1.03897   0.00959001      1.05876   0.00935022
      25.4481     0.984737   0.00525365      1.00894   0.00670783
      25.4814      1.03630   0.00732540      1.00419   0.00666508
      25.5146      1.06427    0.0101162      1.01668   0.00803017
      25.5479      1.04031   0.00528817      1.00141   0.00387431
      25.5811      1.04402   0.00765441      1.01108   0.00589752
      25.6144      1.03513   0.00719269      1.02427   0.00404731
      25.6477      1.01273   0.00340313      1.00789   0.00417071
      25.6809      1.02139   0.00847704      1.00127   0.00384230
      25.7142      1.01919   0.00878481      1.00618   0.00662182
      25.7474      1.05523   0.00947798      1.02112   0.00246848
      25.7807     0.999042   0.00625569      1.02041   0.00657598
      25.8140      1.06048   0.00867128      1.01853   0.00388619
      25.8472      1.05083   0.00833657     0.976625   0.00970130
      25.8805      1.02454   0.00892785      1.05347   0.00455233
      25.9138     0.991812   0.00584320      1.01953    0.0147218
      25.9470     0.950000      0.00000      1.06526    0.0226395
      25.9803      1.05864    0.0147520      1.02696    0.0384688
      26.0135     0.950000      0.00000     0.958244    0.0194684
      26.0468     0.950000      0.00000      1.04789     0.103837
      26.0801     0.955917  0.000697299      1.41812    0.0602184
      26.1133     0.950000      0.00000      1.04079    0.0388129
      26.1466      1.00648   0.00799568      1.02384    0.0252763
      26.1798      1.09840    0.0127004      1.07667    0.0306213
      26.2131      1.00602   0.00689550      1.00538    0.0220322
      26.2464      1.05039    0.0112014      1.05939    0.0205676
      26.2796      1.04000    0.0120494      1.10598    0.0215831
      26.3129     0.950000      0.00000      1.01397    0.0201029
      26.3462     0.950000      0.00000     0.992256    0.0198472
      26.3794     0.950000      0.00000      1.02120    0.0315346
      26.4127     0.980253   0.00368827      1.14444    0.0217019
      26.4459         -NaN         -NaN         -NaN         -NaN
