trecsQ5.txt
 -- Radiance Enhancement %
Wavelength | Impact Enhancement | Impact Error | Background Enhancement | Backgrdound Error
      15.8356         -NaN         -NaN         -NaN         -NaN
      15.8689      3.34769    0.0713762      1.26758     0.121370
      15.9021      1.33164    0.0216596     0.961612    0.0311424
      15.9354      1.45469    0.0395085      1.05614    0.0865175
      15.9687      1.37839    0.0194460      1.18546    0.0876422
      16.0019      1.16015    0.0101389      1.44315     0.111731
      16.0352      1.45582    0.0360741      1.38699     0.120601
      16.0684      1.49706    0.0266371     0.950000      0.00000
      16.1017      1.33668    0.0406312     0.966127    0.0198571
      16.1350      1.30323    0.0230479      1.29734     0.108467
      16.1682      1.14037   0.00661718      1.28405     0.130658
      16.2015      1.56235    0.0192004     0.950000      0.00000
      16.2348      1.44772    0.0351976      1.31091     0.144705
      16.2680      1.19881    0.0401778      1.52586     0.101345
      16.3013      1.25891    0.0165982      1.34552     0.157427
      16.3345      1.39184    0.0101826     0.955750    0.0103022
      16.3678      1.19204    0.0337365     0.950000      0.00000
      16.4011      1.28192    0.0143823     0.963386    0.0271456
      16.4343      1.35761    0.0310179     0.952096   0.00466371
      16.4676      1.36282    0.0530234      1.01219    0.0889629
      16.5008      4.65869     0.374535      1.16060     0.158168
      16.5341     0.950000      0.00000      7.05811      8.78911
      16.5674      1.87418    0.0407740     0.987365    0.0852669
      16.6006      1.98627    0.0849774      1.47242     0.425671
      16.6339      2.55611    0.0905647      1.64409     0.433854
      16.6671      1.43901    0.0299949      3.60363      1.32838
      16.7004      9.91430      1.55879      19.1412      30.9145
      16.7337     0.950000      0.00000      3.61034      6.33036
      16.7669      1.03694    0.0152511      1.08422     0.138026
      16.8002      1.04533   0.00765853     0.950000      0.00000
      16.8335      1.15852   0.00949202     0.950000      0.00000
      16.8667      1.03063    0.0146722      1.03749    0.0361598
      16.9000      1.09663    0.0185316     0.950000      0.00000
      16.9332      1.18278    0.0136274     0.950000      0.00000
      16.9665      1.12654   0.00613296     0.954399    0.0110513
      16.9998      1.14593   0.00615682      1.01668    0.0164696
      17.0330      1.19883   0.00740817      1.05379    0.0244208
      17.0663      1.16727   0.00732647      1.01398    0.0213473
      17.0995      1.18865    0.0108816      1.01490   0.00889542
      17.1328      1.19111   0.00822193      1.01365    0.0118504
      17.1661      1.14280   0.00761816     0.990805   0.00729104
      17.1993      1.13733   0.00521059     0.981239   0.00815241
      17.2326      1.16992   0.00546392      1.00743   0.00765328
      17.2658      1.17728   0.00655981     0.992013    0.0101279
      17.2991      1.18027   0.00594105     0.983696    0.0106678
      17.3324      1.19421   0.00684854     0.962507   0.00760100
      17.3656      1.17609   0.00698100     0.985211   0.00639525
      17.3989      1.19035   0.00721675      1.02436   0.00353763
      17.4322      1.19565   0.00550610      1.00043   0.00269384
      17.4654      1.20511   0.00612757     0.984697   0.00253817
      17.4987      1.20829   0.00748147     0.991177   0.00532219
      17.5319      1.19589   0.00745034      1.00457   0.00299903
      17.5652      1.20534   0.00714554     0.987533   0.00492483
      17.5985      1.20847   0.00754858     0.984222   0.00274586
      17.6317      1.20451   0.00819872     0.990339   0.00391571
      17.6650      1.20944   0.00784033      1.00492   0.00121611
      17.6982      1.22039   0.00857667      1.01180   0.00233769
      17.7315      1.21828   0.00861931      1.00529   0.00238224
      17.7648      1.22300   0.00933033      1.00523   0.00246907
      17.7980      1.22565   0.00920922      1.00197   0.00282920
      17.8313      1.22244   0.00894885     0.998924   0.00238456
      17.8645      1.23124   0.00946127      1.00023   0.00166740
      17.8978      1.23677   0.00922821      1.00090  0.000748445
      17.9311      1.23416   0.00951455     0.997978  0.000652760
      17.9643      1.23228   0.00930034     0.998042   0.00120529
      17.9976      1.23798   0.00948469     0.993888  0.000917458
      18.0309      1.23665   0.00985723     0.997275  0.000574016
      18.0641      1.23972    0.0101998      1.00559   0.00162027
      18.0974      1.24187   0.00969331      1.00089   0.00160611
      18.1306      1.24402    0.0105922     0.994804   0.00152258
      18.1639      1.24878    0.0110830     0.998223   0.00173067
      18.1972      1.24580   0.00993865      1.00133  0.000980818
      18.2304      1.24444   0.00979780     0.995228   0.00190128
      18.2637      1.24332    0.0108425     0.994095   0.00165510
      18.2969      1.23427    0.0108505     0.995493   0.00167095
      18.3302      1.23542    0.0108611      1.00348   0.00225806
      18.3635      1.23917    0.0108020      1.00609   0.00106616
      18.3967      1.24886    0.0119399      1.00368   0.00173678
      18.4300      1.25510    0.0120631      1.00200   0.00171985
      18.4632      1.25340    0.0112868     0.998785   0.00156020
      18.4965      1.26028    0.0127763      1.00109   0.00197311
      18.5298      1.24608    0.0128676      1.00073   0.00211455
      18.5630      1.25090    0.0124496     0.996381   0.00179627
      18.5963      1.25032    0.0113933     0.996841   0.00151451
      18.6296      1.24825    0.0117996      1.00348   0.00176441
      18.6628      1.24509    0.0126394      1.00321   0.00172962
      18.6961      1.25062    0.0118022      1.00254   0.00215180
      18.7293      1.25018    0.0121644      1.00432   0.00146454
      18.7626      1.24383    0.0113210      1.00269  0.000939769
      18.7959      1.25129    0.0120581     0.997440  0.000934278
      18.8291      1.24651    0.0117985     0.999999   0.00154971
      18.8624      1.24756    0.0124295      1.00788   0.00369330
      18.8956      1.25051    0.0131352      1.00753   0.00192579
      18.9289      1.24739    0.0136989     0.992160   0.00201839
      18.9622      1.24245    0.0125334     0.994986   0.00244150
      18.9954      1.22971    0.0126985      1.00280   0.00258127
      19.0287      1.21845    0.0115536     0.996498   0.00318951
      19.0620      1.23637    0.0146102      1.00400   0.00313285
      19.0952      1.22483    0.0146945     0.995729   0.00216350
      19.1285      1.23270    0.0136272     0.984212   0.00274704
      19.1617      1.23730    0.0134073     0.994130   0.00160315
      19.1950      1.21119    0.0120730      1.00018   0.00261057
      19.2283      1.22014    0.0130039     0.995394   0.00269198
      19.2615      1.19830    0.0105876     0.995714   0.00206302
      19.2948      1.18641    0.0100062      1.00424   0.00271896
      19.3280      1.17196    0.0115935      1.00223   0.00198939
      19.3613      1.17843   0.00945467      1.00277   0.00137392
      19.3946      1.18721    0.0107655      1.00668   0.00271717
      19.4278      1.18866   0.00980979      1.00123   0.00253301
      19.4611      1.19672    0.0109890     0.993007  0.000968483
      19.4943      1.19246    0.0107543     0.998556   0.00123622
      19.5276      1.19601    0.0110678      1.00700   0.00206289
      19.5609      1.19665    0.0116015      1.00523   0.00147966
      19.5941      1.19367    0.0126065     0.991119   0.00148841
      19.6274      1.19103    0.0114369     0.996328   0.00180437
      19.6607      1.18862    0.0118016      1.00001   0.00268139
      19.6939      1.18173    0.0105094     0.996624   0.00254674
      19.7272      1.19311    0.0131469      1.00311   0.00286223
      19.7604      1.17091    0.0135160     0.995458   0.00182901
      19.7937      1.17547    0.0121802     0.984053   0.00327559
      19.8270      1.17743    0.0115973     0.994611   0.00209980
      19.8602      1.14766    0.0101848     0.999987   0.00370261
      19.8935      1.15762    0.0111436     0.995251   0.00361004
      19.9267      1.14105   0.00925801     0.995963   0.00152889
      19.9600      1.14909   0.00953616      1.00202   0.00212819
      19.9933      1.14975    0.0107599      1.00073   0.00134870
      20.0265      1.16013   0.00939690      1.00170   0.00123706
      20.0598      1.16085    0.0103170      1.00348   0.00136606
      20.0930      1.15869   0.00919944     0.999651   0.00115311
      20.1263      1.16046    0.0100799     0.994664  0.000654475
      20.1596      1.15383   0.00959700      1.00102  0.000960075
      20.1928      1.15861   0.00953268      1.00688   0.00238049
      20.2261      1.15796    0.0100913      1.00324  0.000888578
      20.2594      1.15093    0.0111592     0.990118   0.00168568
      20.2926      1.15013   0.00963099     0.997400   0.00145268
      20.3259      1.14477    0.0100406     0.999622   0.00193100
      20.3591      1.14058   0.00987630     0.997072   0.00250707
      20.3924      1.15658    0.0122915      1.00132   0.00272799
      20.4257      1.14776    0.0110295     0.995071   0.00165033
      20.4589      1.15363    0.0107425     0.987984   0.00227006
      20.4922      1.15799    0.0108818     0.995969   0.00134117
      20.5254      1.13802    0.0105057     0.998321   0.00212603
      20.5587      1.14650    0.0104720     0.996037   0.00111675
      20.5920      1.13616   0.00865608     0.997876   0.00181801
      20.6252      1.13190   0.00881063      1.00217   0.00227867
      20.6585      1.12697    0.0103789     0.999842   0.00172254
      20.6917      1.13190   0.00900140      1.00230   0.00119597
      20.7250      1.13294   0.00961998      1.00392   0.00142970
      20.7583      1.13206   0.00901244      1.00072   0.00178691
      20.7915      1.14047    0.0101648     0.995626   0.00109001
      20.8248      1.13624   0.00972084     0.999961   0.00124528
      20.8581      1.14594    0.0112369      1.00386   0.00209797
      20.8913      1.14235    0.0103529      1.00253  0.000810323
      20.9246      1.14054    0.0116014     0.991311  0.000944120
      20.9578      1.14292    0.0109850     0.998466   0.00114491
      20.9911      1.14243    0.0109381     0.998511   0.00199168
      21.0244      1.13944    0.0106394     0.996896   0.00190011
      21.0576      1.15496    0.0138013      1.00285   0.00336244
      21.0909      1.13122    0.0120275     0.991966   0.00441788
      21.1241      1.14016    0.0116090     0.979572   0.00395192
      21.1574      1.12196    0.0113489     0.991572   0.00484898
      21.1907      1.11072   0.00998256     0.989217   0.00371707
      21.2239      1.11713    0.0103202     0.994466   0.00224322
      21.2572      1.11661    0.0105509      1.00062   0.00283722
      21.2905      1.13183    0.0120992     0.999088   0.00218581
      21.3237      1.12596    0.0104859     0.995954   0.00135122
      21.3570      1.12772    0.0121689     0.998867   0.00175415
      21.3902      1.12398    0.0114172     0.998903  0.000696713
      21.4235      1.12873    0.0101350      1.00393   0.00139648
      21.4568      1.12182    0.0109440     0.995411   0.00109506
      21.4900      1.12410    0.0107650     0.999844   0.00237448
      21.5233      1.12589    0.0119193     0.993514   0.00149077
      21.5565      1.13061    0.0118693     0.996112   0.00211036
      21.5898      1.12699    0.0110008      1.00076   0.00122564
      21.6231      1.12321    0.0104120      1.00058   0.00162702
      21.6563      1.12638    0.0110747      1.00273  0.000913681
      21.6896      1.11948    0.0113585     0.994265   0.00138900
      21.7228      1.11481    0.0104575     0.999382   0.00140751
      21.7561      1.11636    0.0121981     0.994440   0.00216280
      21.7894      1.09405   0.00892800     0.987427   0.00487365
      21.8226      1.09706    0.0103178     0.993360   0.00295299
      21.8559      1.09668    0.0107726     0.980502   0.00526661
      21.8892      1.09069   0.00912725     0.995650   0.00371303
      21.9224      1.08804   0.00922447      1.00510   0.00592159
      21.9557      1.10135    0.0102147      1.00313   0.00520042
      21.9889      1.09920    0.0103907     0.994235   0.00246769
      22.0222      1.10714    0.0129482     0.997531   0.00261712
      22.0555      1.10576    0.0104253      1.00210   0.00157418
      22.0887      1.11067   0.00962019      1.00648   0.00240708
      22.1220      1.09418    0.0103741     0.991283   0.00211218
      22.1552      1.09554   0.00993307      1.00159   0.00332326
      22.1885      1.10398    0.0121792     0.990294   0.00218676
      22.2218      1.11099    0.0116002     0.995883   0.00267411
      22.2550      1.10959    0.0102447      1.00275   0.00222580
      22.2883      1.11408    0.0116118      1.00280   0.00225127
      22.3215      1.11597    0.0111466      1.00478   0.00116009
      22.3548      1.10731    0.0108876     0.992819   0.00262041
      22.3881      1.09925   0.00988643      1.00118   0.00136005
      22.4213      1.10191    0.0120544     0.993204   0.00254208
      22.4546      1.08992   0.00909938     0.986186   0.00480608
      22.4879      1.09669    0.0103884     0.994782   0.00545286
      22.5211      1.10479    0.0111088     0.983790   0.00809646
      22.5544      1.10278    0.0104300     0.992484    0.0153328
      22.5876      1.09172    0.0100015      1.00587   0.00628184
      22.6209      1.09352    0.0104877      1.00342   0.00654021
      22.6542      1.08984   0.00948220     0.994384   0.00251834
      22.6874      1.09475    0.0127259      1.00001   0.00210905
      22.7207      1.09636    0.0104444      1.00082   0.00203208
      22.7539      1.10967   0.00991212      1.00717   0.00232061
      22.7872      1.10541    0.0118929     0.992923   0.00220983
      22.8205      1.10070    0.0105792      1.00383   0.00337674
      22.8537      1.09962    0.0127054     0.989574   0.00261985
      22.8870      1.10859    0.0119548     0.998694   0.00233814
      22.9202      1.09024   0.00923296      1.00350   0.00267334
      22.9535      1.10273    0.0114025      1.00329   0.00241492
      22.9868      1.10591    0.0119246      1.00653   0.00207877
      23.0200      1.09848    0.0111834     0.990606   0.00244654
      23.0533      1.09695    0.0110261      1.00432   0.00131062
      23.0866      1.09816    0.0118203     0.993534   0.00293771
      23.1198      1.09284   0.00977870     0.990338   0.00400146
      23.1531      1.10399    0.0118139     0.998747   0.00334642
      23.1863      1.09564    0.0104686     0.991666   0.00284383
      23.2196      1.09280    0.0103741      1.00204   0.00237398
      23.2529      1.08565    0.0102896      1.00432   0.00343900
      23.2861      1.09102   0.00992999      1.00016   0.00281715
      23.3194      1.09339    0.0102001     0.995069   0.00229545
      23.3526      1.09553    0.0119896     0.999362   0.00221820
      23.3859      1.08983    0.0102851     0.998646   0.00202004
      23.4192      1.09448   0.00956678      1.00569   0.00243106
      23.4524      1.08149    0.0105546     0.990260   0.00289873
      23.4857      1.07460   0.00900167      1.00875   0.00590410
      23.5189      1.06668    0.0136328     0.979199   0.00460463
      23.5522      1.06738    0.0109946     0.995153   0.00336708
      23.5855      1.04703   0.00942871      1.00304   0.00740942
      23.6187      1.06640    0.0131980      1.00805   0.00392926
      23.6520      1.05892    0.0112721      1.01770    0.0101535
      23.6853      1.03747   0.00910647     0.970809   0.00693854
      23.7185      1.02837   0.00925717      1.00907   0.00803220
      23.7518      1.01670    0.0118289     0.964596    0.0114173
      23.7850     0.950000      0.00000     0.955296   0.00925962
      23.8183     0.957616   0.00139041     0.952109   0.00373418
      23.8516     0.950000      0.00000     0.979902    0.0229548
      23.8848     0.950000      0.00000     0.955339   0.00915509
      23.9181     0.950000      0.00000     0.983174    0.0192883
      23.9513     0.955229  0.000954691     0.960156    0.0102214
      23.9846      1.02844   0.00843553      1.02410   0.00790561
      24.0179      1.00614   0.00787397      1.00549   0.00570824
      24.0511      1.03177   0.00824931     0.992869   0.00505056
      24.0844      1.04688   0.00957609      1.00193   0.00309140
      24.1177      1.04782   0.00760185     0.987946   0.00419927
      24.1509      1.06713    0.0105978      1.00211   0.00224409
      24.1842      1.03825   0.00904059     0.989223   0.00450303
      24.2174      1.07373   0.00832013     0.999397   0.00280347
      24.2507      1.06511   0.00918106     0.994149   0.00201397
      24.2840      1.06275   0.00846243      1.00142   0.00388505
      24.3172      1.07218   0.00726378     0.995839   0.00252674
      24.3505      1.07641   0.00908073      1.00096   0.00545080
      24.3837      1.06808   0.00676385      1.00707   0.00242179
      24.4170      1.06184   0.00864321     0.992036   0.00273229
      24.4503      1.07021   0.00866320     0.993996   0.00154561
      24.4835      1.05946   0.00856625     0.997144   0.00187915
      24.5168      1.06849   0.00821691      1.00102   0.00181320
      24.5500      1.06766   0.00927080     0.999138   0.00147923
      24.5833      1.06177   0.00841768      1.00584   0.00177943
      24.6166      1.06182   0.00957039     0.993784   0.00137515
      24.6498      1.06717   0.00786870      1.00952   0.00371349
      24.6831      1.04937   0.00829954      1.00014   0.00189455
      24.7164      1.05517   0.00749534     0.995545   0.00321940
      24.7496      1.05648   0.00873892      1.00276   0.00260494
      24.7829      1.05596   0.00794530     0.990448   0.00344783
      24.8161      1.05445   0.00806853      1.00338   0.00255221
      24.8494      1.02313   0.00726198     0.987407   0.00692994
      24.8827      1.06318   0.00829827     0.997341   0.00622726
      24.9159      1.04837   0.00974465     0.995327   0.00298498
      24.9492      1.02268   0.00773524     0.993039   0.00632235
      24.9824      1.06436   0.00541133     0.978982   0.00926391
      25.0157      1.03754   0.00520037     0.999212    0.0111222
      25.0490      1.00174   0.00932938      1.06273    0.0189919
      25.0822     0.950000      0.00000     0.950000      0.00000
      25.1155     0.950000      0.00000     0.950000      0.00000
      25.1487     0.950000      0.00000     0.950000      0.00000
      25.1820     0.950000      0.00000     0.950000      0.00000
      25.2153     0.950000      0.00000     0.950000      0.00000
      25.2485     0.950000      0.00000     0.950000      0.00000
      25.2818     0.950000      0.00000     0.950000      0.00000
      25.3151     0.950000      0.00000      1.21350    0.0555282
      25.3483     0.950000      0.00000     0.995022    0.0201916
      25.3816     0.950000      0.00000     0.950625   0.00110442
      25.4148     0.950000      0.00000     0.979256    0.0225203
      25.4481     0.950000      0.00000     0.952892   0.00626361
      25.4814     0.978356   0.00569646      1.00313   0.00361394
      25.5146     0.950000      0.00000     0.965614    0.0130026
      25.5479      1.02566   0.00593598     0.991048    0.0125766
      25.5811      1.01967    0.0103604     0.990824   0.00376230
      25.6144     0.996583   0.00692639     0.994533   0.00666609
      25.6477      1.05231   0.00563027     0.988765   0.00445891
      25.6809      1.03068   0.00564961      1.00160   0.00443623
      25.7142      1.03100   0.00590210      1.03315   0.00605380
      25.7474      1.00379   0.00715457     0.994881   0.00625873
      25.7807      1.03489   0.00750282     0.993206   0.00343213
      25.8140     0.986566   0.00669591     0.985354   0.00602830
      25.8472      1.01175   0.00829121     0.996803   0.00626504
      25.8805     0.976395   0.00573923     0.977166   0.00686838
      25.9138     0.950000      0.00000     0.990181    0.0183144
      25.9470     0.950000      0.00000     0.950358   0.00118664
      25.9803     0.950000      0.00000      1.18977    0.0379624
      26.0135     0.950000      0.00000     0.991958    0.0666026
      26.0468     0.950000      0.00000     0.950000      0.00000
      26.0801     0.950000      0.00000     0.968855    0.0294643
      26.1133     0.950000      0.00000     0.950000      0.00000
      26.1466     0.950000      0.00000      1.01584    0.0249850
      26.1798     0.950000      0.00000     0.952114   0.00701240
      26.2131      1.00714   0.00549801     0.995994    0.0369189
      26.2464     0.950000      0.00000     0.986261    0.0205913
      26.2796     0.950000      0.00000      1.01009    0.0302116
      26.3129      1.10795    0.0107871     0.975372    0.0150261
      26.3462      1.00187   0.00773221      1.09916    0.0332698
      26.3794     0.950000      0.00000      1.18600    0.0370840
      26.4127     0.950000      0.00000     0.950000      0.00000
      26.4459         -NaN         -NaN         -NaN         -NaN
