trecsN7.txt
 -- Radiance Enhancement %
Wavelength | Impact Enhancement | Impact Error | Background Enhancement | Backgrdound Error
      6.90903     0.950000     0.993822     0.950000     0.993822
      6.93121      1.30732     0.239789      1.01525     0.239789
      6.95340      1.35522     0.155043      1.07519     0.155043
      6.97558      1.20944     0.146284      1.04188     0.146284
      6.99777      1.41842     0.121204      1.03767     0.121204
      7.01995      1.76420     0.119437      1.06490     0.119437
      7.04214      1.37223     0.153590     0.955128     0.153590
      7.06432      1.39699     0.345467      1.16646     0.345467
      7.08651      1.40386     0.152086      1.02167     0.152086
      7.10869      1.50626     0.225678      1.01010     0.225678
      7.13088      1.21558    0.0814135     0.989535    0.0814135
      7.15306      1.31744     0.103926      1.00506     0.103926
      7.17525      1.44451     0.150670      1.10323     0.150670
      7.19743      1.66664     0.178823     0.966524     0.178823
      7.21962      1.35174    0.0784118      1.01945    0.0784118
      7.24180      1.37431     0.116105      1.32652     0.116105
      7.26399      1.25580     0.123684      1.00280     0.123684
      7.28617      1.76488     0.331278      1.05391     0.331278
      7.30836      1.51532     0.160510      1.02529     0.160510
      7.33054      1.39276     0.170270     0.969233     0.170270
      7.35273      1.67779     0.168783      1.10167     0.168783
      7.37491      1.33188     0.220853      1.01880     0.220853
      7.39710      1.30745     0.157749      1.03281     0.157749
      7.41928      1.18430     0.137666      1.02807     0.137666
      7.44146      1.39059     0.112481      1.02527     0.112481
      7.46365      1.78387     0.130928      1.06686     0.130928
      7.48583      1.36291     0.164962     0.950715     0.164962
      7.50802      1.45166     0.312060      1.13817     0.312060
      7.53020      1.50592     0.140379      1.00339     0.140379
      7.55239      1.45872     0.193948      1.03301     0.193948
      7.57457      1.26982    0.0777903     0.999104    0.0777903
      7.59676      1.32972     0.115768     0.997193     0.115768
      7.61894      1.54948     0.216482      1.09264     0.216482
      7.64113      1.96369     0.287049     0.986687     0.287049
      7.66331      1.57364     0.137274      1.04275     0.137274
      7.68550      1.97730     0.911431      1.65040     0.911431
      7.70768      1.79051      2.38359      1.09445      2.38359
      7.72987      1.15115     0.167607      1.77485     0.167607
      7.75205     0.950000     0.108117      1.07786     0.108117
      7.77424     0.950000     0.125751      1.35169     0.125751
      7.79642     0.995175    0.0356399     0.984225    0.0356399
      7.81861     0.950000    0.0262179      1.00335    0.0262179
      7.84079     0.950196    0.0295017     0.997445    0.0295017
      7.86298     0.994358    0.0260684     0.970351    0.0260684
      7.88516      1.01526    0.0213233     0.998862    0.0213233
      7.90735     0.993931    0.0225035     0.997806    0.0225035
      7.92953     0.950000    0.0230685      1.02787    0.0230685
      7.95171      1.04614    0.0325436     0.976056    0.0325436
      7.97390     0.979158    0.0200498     0.997039    0.0200498
      7.99608      1.00618    0.0189464      1.01608    0.0189464
      8.01827     0.994975    0.0234324     0.984693    0.0234324
      8.04045      1.07863    0.0209795      1.01755    0.0209795
      8.06264      1.00631    0.0181728     0.977739    0.0181728
      8.08482      1.05863    0.0205666      1.03514    0.0205666
      8.10701     0.968554    0.0171995     0.996896    0.0171995
      8.12919      1.02309    0.0170141     0.972892    0.0170141
      8.15138      1.03088    0.0106271     0.975932    0.0106271
      8.17356      1.01671    0.0205443      1.00265    0.0205443
      8.19575      1.00226    0.0193477     0.994015    0.0193477
      8.21793      1.00828    0.0223120      1.00066    0.0223120
      8.24012      1.02230    0.0150942     0.993061    0.0150942
      8.26230      1.02180    0.0140692     0.992277    0.0140692
      8.28449      1.02688    0.0144846     0.989755    0.0144846
      8.30667      1.04611    0.0171430     0.988035    0.0171430
      8.32886      1.03054    0.0168765     0.992391    0.0168765
      8.35104      1.03698    0.0184545     0.986685    0.0184545
      8.37323      1.01921    0.0164079     0.993613    0.0164079
      8.39541      1.06572    0.0176095     0.988378    0.0176095
      8.41760      1.05311    0.0201758     0.991936    0.0201758
      8.43978      1.03844    0.0221156     0.994306    0.0221156
      8.46197      1.04552    0.0214639     0.993188    0.0214639
      8.48415      1.06587    0.0207172     0.999686    0.0207172
      8.50633      1.04124    0.0215489     0.985321    0.0215489
      8.52852      1.06246    0.0199062      1.00173    0.0199062
      8.55070      1.04513    0.0224635     0.984427    0.0224635
      8.57289      1.05062    0.0208317     0.986977    0.0208317
      8.59507      1.04139    0.0177665     0.987885    0.0177665
      8.61726      1.05649    0.0174146     0.998043    0.0174146
      8.63944      1.05274    0.0220274     0.983042    0.0220274
      8.66163      1.05244    0.0225086     0.991360    0.0225086
      8.68381      1.03448    0.0188638      1.00041    0.0188638
      8.70600      1.03421    0.0368139     0.986811    0.0368139
      8.72818      1.04137    0.0211059     0.988083    0.0211059
      8.75037      1.04037    0.0175968      1.00233    0.0175968
      8.77255      1.09110    0.0198984     0.991375    0.0198984
      8.79474      1.08796    0.0152900     0.993746    0.0152900
      8.81692      1.09993    0.0186097     0.999322    0.0186097
      8.83911      1.10632    0.0128152     0.990468    0.0128152
      8.86129      1.14854    0.0189327     0.999335    0.0189327
      8.88348      1.11327    0.0174434     0.992655    0.0174434
      8.90566      1.18500    0.0165537     0.976732    0.0165537
      8.92785      1.12614    0.0159620     0.993771    0.0159620
      8.95003      1.17529    0.0119571      1.00454    0.0119571
      8.97222      1.15682    0.0163719      1.00129    0.0163719
      8.99440      1.15596    0.0159656     0.985392    0.0159656
      9.01659      1.12107    0.0206670     0.974861    0.0206670
      9.03877      1.13496    0.0130998     0.991583    0.0130998
      9.06095      1.16051    0.0164516      1.00975    0.0164516
      9.08314      1.22955    0.0158220      1.02270    0.0158220
      9.10532      1.20502    0.0165698     0.992045    0.0165698
      9.12751      1.19790    0.0144607      1.00142    0.0144607
      9.14969      1.23789    0.0266365     0.992572    0.0266365
      9.17188      1.26355    0.0138740     0.978702    0.0138740
      9.19406      1.25809    0.0173781      1.00096    0.0173781
      9.21625      1.27688    0.0142716     0.991858    0.0142716
      9.23843      1.31555    0.0114898     0.986877    0.0114898
      9.26062      1.33195    0.0140840     0.997303    0.0140840
      9.28280      1.36982    0.0120943     0.994359    0.0120943
      9.30499      1.39292    0.0187127      1.00027    0.0187127
      9.32717      1.35916    0.0143768     0.983016    0.0143768
      9.34936      1.39527    0.0156036     0.981297    0.0156036
      9.37154      1.38128    0.0165576     0.998950    0.0165576
      9.39373      1.36446    0.0137183      1.00566    0.0137183
      9.41591      1.38005    0.0161929      1.00577    0.0161929
      9.43810      1.40197    0.0261421     0.980000    0.0261421
      9.46028      1.38767    0.0303851     0.958738    0.0303851
      9.48247      1.47011    0.0222429     0.994355    0.0222429
      9.50465      1.52708    0.0187620     0.968453    0.0187620
      9.52684      1.65821    0.0220621      1.00658    0.0220621
      9.54902      1.57884    0.0187869     0.993786    0.0187869
      9.57121      1.41280    0.0130847     0.997199    0.0130847
      9.59339      1.49314    0.0483816      1.00004    0.0483816
      9.61557      1.45150    0.0181765     0.977507    0.0181765
      9.63776      1.48583    0.0262981      1.01015    0.0262981
      9.65994      1.57210    0.0202004     0.976382    0.0202004
      9.68213      1.59852    0.0193668     0.997284    0.0193668
      9.70431      1.52335    0.0205334      1.00014    0.0205334
      9.72650      1.45512    0.0349344     0.990653    0.0349344
      9.74868      1.44718    0.0409704      1.00399    0.0409704
      9.77087      1.39885    0.0177565     0.976036    0.0177565
      9.79305      1.48319    0.0183413     0.963649    0.0183413
      9.81524      1.52312    0.0198933     0.982158    0.0198933
      9.83742      1.52338    0.0123881     0.998879    0.0123881
      9.85961      1.56637    0.0159721     0.996834    0.0159721
      9.88179      1.56317    0.0146183     0.981541    0.0146183
      9.90398      1.44246    0.0202826     0.975023    0.0202826
      9.92616      1.43301    0.0118109      1.00356    0.0118109
      9.94835      1.35252    0.0123706     0.976498    0.0123706
      9.97053      1.42508    0.0133755     0.994007    0.0133755
      9.99272      1.39908    0.0127536     0.984473    0.0127536
      10.0149      1.39881    0.0125375     0.996691    0.0125375
      10.0371      1.41535    0.0205333     0.986271    0.0205333
      10.0593      1.43333    0.0124496     0.983476    0.0124496
      10.0815      1.38021    0.0112666     0.994695    0.0112666
      10.1036      1.32844    0.0108849      1.00018    0.0108849
      10.1258      1.31588    0.0107080     0.983086    0.0107080
      10.1480      1.28293    0.0111161      1.00072    0.0111161
      10.1702      1.26556    0.0105659     0.989090    0.0105659
      10.1924      1.27338    0.0144950     0.999544    0.0144950
      10.2146      1.28471    0.0131333     0.986164    0.0131333
      10.2367      1.34532    0.0148904     0.984533    0.0148904
      10.2589      1.43010    0.0132804     0.996447    0.0132804
      10.2811      1.49912   0.00995706     0.986953   0.00995706
      10.3033      1.58600    0.0103295     0.991150    0.0103295
      10.3255      1.62195    0.0154500     0.982405    0.0154500
      10.3477      1.50219    0.0189456     0.976474    0.0189456
      10.3699      1.43946    0.0187853     0.995052    0.0187853
      10.3920      1.37518   0.00947761     0.984990   0.00947761
      10.4142      1.37056    0.0106215     0.999173    0.0106215
      10.4364      1.33315   0.00992412     0.989962   0.00992412
      10.4586      1.33783    0.0149780     0.995891    0.0149780
      10.4808      1.39868    0.0223885     0.987821    0.0223885
      10.5030      1.32841    0.0157322     0.991068    0.0157322
      10.5252      1.31602    0.0106308     0.988364    0.0106308
      10.5473      1.32109    0.0123386     0.989653    0.0123386
      10.5695      1.29483    0.0124313     0.984519    0.0124313
      10.5917      1.28146    0.0113168     0.988484    0.0113168
      10.6139      1.27994   0.00944698     0.998381   0.00944698
      10.6361      1.31353    0.0128396     0.989773    0.0128396
      10.6583      1.39646    0.0102481     0.994280    0.0102481
      10.6804      1.48220    0.0103144     0.992336    0.0103144
      10.7026      1.54368    0.0110180     0.986547    0.0110180
      10.7248      1.55655    0.0118042     0.987246    0.0118042
      10.7470      1.51817   0.00987974     0.992887   0.00987974
      10.7692      1.46465    0.0126666     0.987369    0.0126666
      10.7914      1.37161   0.00985009     0.992241   0.00985009
      10.8136      1.32701   0.00771223      1.00052   0.00771223
      10.8357      1.26173    0.0111874     0.982633    0.0111874
      10.8579      1.23624    0.0150825     0.991851    0.0150825
      10.8801      1.22394    0.0115308      1.00003    0.0115308
      10.9023      1.23147    0.0158772     0.995839    0.0158772
      10.9245      1.27879    0.0184285     0.994765    0.0184285
      10.9467      1.24270    0.0134951     0.991688    0.0134951
      10.9688      1.27063    0.0116255     0.990466    0.0116255
      10.9910      1.27766    0.0135435     0.999610    0.0135435
      11.0132      1.25958    0.0130583     0.988869    0.0130583
      11.0354      1.26116    0.0103824     0.989502    0.0103824
      11.0576      1.21257   0.00946540     0.999915   0.00946540
      11.0798      1.20552    0.0113135     0.997931    0.0113135
      11.1020      1.21833   0.00935219     0.995827   0.00935219
      11.1241      1.21500   0.00846741     0.990586   0.00846741
      11.1463      1.22679   0.00904971      1.00365   0.00904971
      11.1685      1.23957   0.00806474     0.996399   0.00806474
      11.1907      1.25704    0.0106102     0.996714    0.0106102
      11.2129      1.25239    0.0120610     0.992515    0.0120610
      11.2351      1.25265    0.0104013     0.996416    0.0104013
      11.2572      1.21991   0.00793631     0.997346   0.00793631
      11.2794      1.18498   0.00762045     0.985157   0.00762045
      11.3016      1.17102   0.00798218     0.991172   0.00798218
      11.3238      1.17792    0.0119148      1.00593    0.0119148
      11.3460      1.15637    0.0138984     0.999719    0.0138984
      11.3682      1.19006    0.0171070     0.991282    0.0171070
      11.3904      1.15013    0.0105711     0.999432    0.0105711
      11.4125      1.17905    0.0103569      1.00100    0.0103569
      11.4347      1.18356    0.0128862     0.997557    0.0128862
      11.4569      1.16746    0.0120440     0.994048    0.0120440
      11.4791      1.17396    0.0100039     0.991921    0.0100039
      11.5013      1.15156    0.0105379     0.999342    0.0105379
      11.5235      1.12866    0.0115172     0.994617    0.0115172
      11.5457      1.12668   0.00831210     0.998094   0.00831210
      11.5678      1.11253   0.00670223     0.997942   0.00670223
      11.5900      1.13070   0.00826886      1.01573   0.00826886
      11.6122      1.08343   0.00789215      1.00058   0.00789215
      11.6344      1.11283   0.00723006      1.00416   0.00723006
      11.6566      1.10562   0.00870110     0.994937   0.00870110
      11.6788      1.11239   0.00725772     0.999263   0.00725772
      11.7009      1.11496    0.0106087      1.00569    0.0106087
      11.7231      1.11386   0.00934683     0.994896   0.00934683
      11.7453      1.10795   0.00705163      1.00424   0.00705163
      11.7675      1.10449   0.00787826      1.00578   0.00787826
      11.7897      1.09422   0.00700423      1.00012   0.00700423
      11.8119      1.10330    0.0102781      1.00628    0.0102781
      11.8341      1.07922   0.00814013     0.995801   0.00814013
      11.8562      1.07980   0.00653100      1.00346   0.00653100
      11.8784      1.07117   0.00815290      1.00167   0.00815290
      11.9006      1.06406    0.0121734     0.998209    0.0121734
      11.9228      1.08064   0.00793951      1.00575   0.00793951
      11.9450      1.06974   0.00662630      1.00221   0.00662630
      11.9672      1.06411   0.00877098      1.00433   0.00877098
      11.9893      1.06852   0.00725708     0.995168   0.00725708
      12.0115      1.06629   0.00763673      1.00046   0.00763673
      12.0337      1.06376   0.00909660     0.999886   0.00909660
      12.0559      1.06783   0.00710266     0.999336   0.00710266
      12.0781      1.05468    0.0108373     0.990984    0.0108373
      12.1003      1.06267   0.00984330     0.998436   0.00984330
      12.1225      1.04480   0.00714568     0.999871   0.00714568
      12.1446      1.04638    0.0110442     0.994902    0.0110442
      12.1668      1.04923   0.00660551      1.00020   0.00660551
      12.1890      1.04292   0.00849431     0.998880   0.00849431
      12.2112      1.06771   0.00931813     0.997206   0.00931813
      12.2334      1.05217   0.00772999     0.996163   0.00772999
      12.2556      1.05098   0.00848890     0.998054   0.00848890
      12.2777      1.07197    0.0127749     0.995757    0.0127749
      12.2999      1.06549   0.00755095     0.995766   0.00755095
      12.3221      1.06604   0.00870644     0.996163   0.00870644
      12.3443      1.05385   0.00609676     0.991751   0.00609676
      12.3665      1.05324    0.0173153     0.999911    0.0173153
      12.3887      1.05276    0.0102390     0.999928    0.0102390
      12.4109      1.06776    0.0114355     0.997190    0.0114355
      12.4330      1.05996   0.00929051     0.999037   0.00929051
      12.4552      1.07152   0.00864586     0.991507   0.00864586
      12.4774      1.05601   0.00640923     0.998791   0.00640923
      12.4996      1.05926   0.00795962      1.00403   0.00795962
      12.5218      1.06291   0.00625391     0.994658   0.00625391
      12.5440      1.05951   0.00769847     0.990839   0.00769847
      12.5662      1.06158   0.00512944     0.990982   0.00512944
      12.5883      1.07273   0.00940340      1.00342   0.00940340
      12.6105      1.07011   0.00786077      1.00803   0.00786077
      12.6327      1.06333    0.0101420      1.00397    0.0101420
      12.6549      1.06331   0.00770477     0.993666   0.00770477
      12.6771      1.06395   0.00831011     0.997733   0.00831011
      12.6993      1.07141    0.0120239      1.00106    0.0120239
      12.7214      1.08075    0.0106114      1.00185    0.0106114
      12.7436      1.08238   0.00968028      1.00140   0.00968028
      12.7658      1.07489    0.0113673     0.999197    0.0113673
      12.7880      1.07225   0.00783651     0.994448   0.00783651
      12.8102      1.08286    0.0130687     0.998210    0.0130687
      12.8324      1.06773   0.00886242     0.998697   0.00886242
      12.8546      1.07022    0.0127428     0.991550    0.0127428
      12.8767      1.08069   0.00932772      1.00284   0.00932772
      12.8989      1.11120    0.0100977     0.988160    0.0100977
      12.9211      1.08030   0.00803226     0.993679   0.00803226
      12.9433      1.07806   0.00789587      1.00676   0.00789587
      12.9655      1.07515   0.00884183      1.00683   0.00884183
      12.9877      1.08226    0.0119178     0.999588    0.0119178
      13.0098      1.07856    0.0108165     0.990960    0.0108165
      13.0320      1.10611    0.0148884      1.00005    0.0148884
      13.0542      1.08225    0.0119531      1.01736    0.0119531
      13.0764      1.07474    0.0128156     0.998073    0.0128156
      13.0986      1.05385    0.0155567     0.995258    0.0155567
      13.1208      1.09389    0.0180074     0.999156    0.0180074
      13.1430      1.07133    0.0171201     0.992079    0.0171201
      13.1651      1.08948    0.0209866      1.00423    0.0209866
      13.1873      1.11149    0.0257446      1.00676    0.0257446
      13.2095      1.15567    0.0569802     0.996185    0.0569802
      13.2317      1.02494    0.0424727     0.975801    0.0424727
      13.2539      1.18928     0.128708      1.01159     0.128708
      13.2761      1.22016     0.103189      1.07368     0.103189
      13.2982      1.25817     0.158849     0.986547     0.158849
      13.3204      1.44195     0.215122      1.19336     0.215122
      13.3426      1.82018     0.690387     0.993816     0.690387
      13.3648      1.13561     0.934886      10.0036     0.934886
      13.3870      3.70980      11.3368     0.950000      11.3368
      13.4092      1.91558      5.57016     0.971848      5.57016
      13.4314      9.64018      304.134      1.01866      304.134
      13.4535      1.37913      1.02493      1.19221      1.02493
      13.4757      3.39414      3.22740      2.27890      3.22740
      13.4979      1.36774     0.366804     0.955074     0.366804
      13.5201      1.35898     0.106123     0.954608     0.106123
      13.5423      1.50552     0.387359      1.02223     0.387359
      13.5645      2.53658     0.448205      1.11661     0.448205
      13.5867      1.73562     0.239206      1.06595     0.239206
      13.6088      1.58778     0.535216      1.00802     0.535216
      13.6310      1.08661     0.297155     0.986459     0.297155
      13.6532      2.11551     0.898860      1.15438     0.898860
      13.6754      1.56219     0.259654      1.16961     0.259654
      13.6976      10.5933      7.50021      1.73969      7.50021
      13.7198      1.19784    0.0930778     0.977065    0.0930778
      13.7419      2.17286     0.372690      1.08532     0.372690
      13.7641      1.33459     0.152196     0.986216     0.152196
      13.7863      11.1380      1.07641      20.8179      1.07641
      13.8085      1.31199     0.140720      1.00645     0.140720
      13.8307      1.84083     0.369432     0.950000     0.369432
      13.8529      1.53498     0.348526     0.990751     0.348526
      13.8751      2.14326      1.61616     0.989094      1.61616
      13.8972      1.29580     0.204877      1.16218     0.204877
      13.9194      1.54655      2.56765     0.979636      2.56765
      13.9416      1.35934     0.198724     0.952294     0.198724
      13.9638      1.34742    0.0952390     0.959486    0.0952390
      13.9860         -NaN          NaN         -NaN          NaN
