trecsN3.txt
 -- Radiance Enhancement %
Wavelength | Impact Enhancement | Impact Error | Background Enhancement | Backgrdound Error
      6.90903     0.950000     0.989245     0.950000     0.989245
      6.93121      1.24742     0.139363     0.987276     0.139363
      6.95340      1.37386     0.113027      1.00243     0.113027
      6.97558      1.25410    0.0922832      1.08776    0.0922832
      6.99777      1.14854    0.0733626      1.02941    0.0733626
      7.01995      1.36223    0.0582652     0.985058    0.0582652
      7.04214      1.23895     0.165529      1.09232     0.165529
      7.06432      1.67181    0.0861161      1.19774    0.0861161
      7.08651      1.39903     0.102665     0.987945     0.102665
      7.10869      1.36006    0.0910432     0.986198    0.0910432
      7.13088      1.32887    0.0753842      1.05598    0.0753842
      7.15306      1.40843     0.117864      1.05285     0.117864
      7.17525      1.10440    0.0950831      1.11488    0.0950831
      7.19743      2.00559    0.0984003      1.05851    0.0984003
      7.21962      1.46445     0.124648      1.00500     0.124648
      7.24180      1.64743    0.0762318     0.990757    0.0762318
      7.26399      1.33050    0.0735776      1.02068    0.0735776
      7.28617      1.81468     0.145271      1.00717     0.145271
      7.30836      1.43564     0.137884      1.05226     0.137884
      7.33054     0.982434     0.153810      1.11443     0.153810
      7.35273      1.24501     0.220894      1.06370     0.220894
      7.37491      1.24099     0.115283     0.975773     0.115283
      7.39710      1.37127     0.103480     0.993878     0.103480
      7.41928      1.23305    0.0826470      1.05894    0.0826470
      7.44146      1.16718    0.0708364      1.03179    0.0708364
      7.46365      1.36024    0.0480694     0.985314    0.0480694
      7.48583      1.25911     0.124896      1.04011     0.124896
      7.50802      1.58861    0.0760085      1.14616    0.0760085
      7.53020      1.29985    0.0997928     0.995185    0.0997928
      7.55239      1.48601    0.0890047     0.982364    0.0890047
      7.57457      1.39951    0.0676222      1.04723    0.0676222
      7.59676      1.48516     0.121993      1.04291     0.121993
      7.61894      1.29342     0.102102      1.09668     0.102102
      7.64113      2.50670     0.177700      1.05952     0.177700
      7.66331      1.67142     0.628668     0.992649     0.628668
      7.68550      2.27227      4.20671      1.02536      4.20671
      7.70768      8.04315     0.294453      1.01321     0.294453
      7.72987     0.950000     0.160947      1.13703     0.160947
      7.75205     0.950000      1.38429     0.992042      1.38429
      7.77424      1.24206    0.0597707     0.984731    0.0597707
      7.79642      1.04244    0.0374225     0.992614    0.0374225
      7.81861     0.968074    0.0354459      1.00789    0.0354459
      7.84079      1.01179    0.0230890      1.00333    0.0230890
      7.86298     0.950000    0.0254376     0.995436    0.0254376
      7.88516     0.995849    0.0166360      1.00093    0.0166360
      7.90735     0.950000    0.0162651      1.01555    0.0162651
      7.92953     0.996381    0.0177885     0.996010    0.0177885
      7.95171     0.950000    0.0202646     0.988927    0.0202646
      7.97390     0.991748    0.0203512      1.00041    0.0203512
      7.99608     0.972589    0.0133698      1.00908    0.0133698
      8.01827     0.990841    0.0220010     0.990583    0.0220010
      8.04045     0.979648    0.0261004     0.986950    0.0261004
      8.06264      1.03333    0.0224562     0.979792    0.0224562
      8.08482     0.984366    0.0170016      1.00309    0.0170016
      8.10701     0.988311    0.0145534     0.996024    0.0145534
      8.12919     0.995799   0.00875606     0.999963   0.00875606
      8.15138      1.04815    0.0158389     0.992007    0.0158389
      8.17356      1.02251    0.0201832     0.990537    0.0201832
      8.19575      1.05437    0.0236937     0.980943    0.0236937
      8.21793      1.10586    0.0280801     0.964970    0.0280801
      8.24012      1.07689    0.0182533     0.982707    0.0182533
      8.26230      1.05723    0.0234090     0.984243    0.0234090
      8.28449      1.07165    0.0248552     0.976551    0.0248552
      8.30667      1.07107    0.0290539     0.975158    0.0290539
      8.32886      1.08523    0.0250409     0.970545    0.0250409
      8.35104      1.06336    0.0244689     0.980449    0.0244689
      8.37323      1.08073    0.0330536     0.974164    0.0330536
      8.39541      1.05595    0.0332513     0.966054    0.0332513
      8.41760      1.09137    0.0322593     0.974921    0.0322593
      8.43978      1.07879    0.0290618     0.976986    0.0290618
      8.46197      1.07476    0.0350471     0.967399    0.0350471
      8.48415      1.07848    0.0382586     0.970874    0.0382586
      8.50633      1.12839    0.0358910     0.963495    0.0358910
      8.52852      1.08424    0.0280083     0.972023    0.0280083
      8.55070      1.06401    0.0258583     0.973869    0.0258583
      8.57289      1.06328    0.0238898     0.981304    0.0238898
      8.59507      1.08380    0.0209891     0.980398    0.0209891
      8.61726      1.07915    0.0272831     0.975696    0.0272831
      8.63944      1.08322    0.0239452     0.975915    0.0239452
      8.66163      1.13364    0.0288775     0.970687    0.0288775
      8.68381      1.09261    0.0281604     0.975345    0.0281604
      8.70600      1.10748    0.0305786     0.962913    0.0305786
      8.72818      1.10105    0.0201152     0.978770    0.0201152
      8.75037      1.11761    0.0148727     0.985481    0.0148727
      8.77255      1.12268    0.0213089     0.987469    0.0213089
      8.79474      1.10445    0.0143196     0.980161    0.0143196
      8.81692      1.16247    0.0196697     0.985024    0.0196697
      8.83911      1.13772    0.0170688     0.989881    0.0170688
      8.86129      1.15761    0.0236392     0.974014    0.0236392
      8.88348      1.16399    0.0132938     0.985980    0.0132938
      8.90566      1.15473    0.0143630     0.983234    0.0143630
      8.92785      1.19353    0.0103486     0.992191    0.0103486
      8.95003      1.14188    0.0192660     0.979278    0.0192660
      8.97222      1.17334    0.0184661     0.992821    0.0184661
      8.99440      1.18418    0.0165998     0.986474    0.0165998
      9.01659      1.18726    0.0135001     0.989837    0.0135001
      9.03877      1.14133    0.0112457     0.989151    0.0112457
      9.06095      1.17635   0.00910959     0.988786   0.00910959
      9.08314      1.17426    0.0119987     0.986383    0.0119987
      9.10532      1.24116    0.0154774     0.986357    0.0154774
      9.12751      1.25230    0.0142761     0.994277    0.0142761
      9.14969      1.27506    0.0193295     0.970376    0.0193295
      9.17188      1.29929    0.0182957     0.983394    0.0182957
      9.19406      1.32305    0.0112803     0.997979    0.0112803
      9.21625      1.36376    0.0123381     0.993445    0.0123381
      9.23843      1.35159   0.00976324     0.986476   0.00976324
      9.26062      1.37154    0.0136670     0.994761    0.0136670
      9.28280      1.39818    0.0157323     0.986933    0.0157323
      9.30499      1.42161    0.0175464     0.979539    0.0175464
      9.32717      1.42337    0.0159494     0.982807    0.0159494
      9.34936      1.39303    0.0149249     0.990056    0.0149249
      9.37154      1.45138    0.0120751     0.999197    0.0120751
      9.39373      1.37300    0.0195356     0.973401    0.0195356
      9.41591      1.38083    0.0246616     0.985373    0.0246616
      9.43810      1.39220    0.0189945     0.990019    0.0189945
      9.46028      1.44608    0.0223489     0.987821    0.0223489
      9.48247      1.40507    0.0175543     0.981526    0.0175543
      9.50465      1.61824   0.00974004      1.00221   0.00974004
      9.52684      1.55196    0.0164814     0.978774    0.0164814
      9.54902      1.59519    0.0228137     0.992095    0.0228137
      9.57121      1.50608    0.0204013     0.985884    0.0204013
      9.59339      1.54392    0.0327710     0.961022    0.0327710
      9.61557      1.49521    0.0263999     0.975485    0.0263999
      9.63776      1.58684    0.0157241     0.990901    0.0157241
      9.65994      1.68567    0.0239370      1.00248    0.0239370
      9.68213      1.61411    0.0168791     0.970344    0.0168791
      9.70431      1.62126    0.0224080     0.995207    0.0224080
      9.72650      1.49143    0.0530308     0.992196    0.0530308
      9.74868      1.45207    0.0467893     0.973014    0.0467893
      9.77087      1.45251    0.0160774     0.987558    0.0160774
      9.79305      1.44214    0.0141135     0.997006    0.0141135
      9.81524      1.55511    0.0138806      1.00479    0.0138806
      9.83742      1.51478    0.0163465     0.981958    0.0163465
      9.85961      1.56001    0.0196564     0.997050    0.0196564
      9.88179      1.54158    0.0117056     0.994505    0.0117056
      9.90398      1.50449    0.0162855     0.991096    0.0162855
      9.92616      1.40951    0.0106704     0.988919    0.0106704
      9.94835      1.39882   0.00946955     0.993132   0.00946955
      9.97053      1.38176    0.0130984     0.986688    0.0130984
      9.99272      1.42104    0.0142193     0.992741    0.0142193
      10.0149      1.42751    0.0159800     0.989114    0.0159800
      10.0371      1.47762    0.0161402     0.973861    0.0161402
      10.0593      1.45548    0.0130624     0.990785    0.0130624
      10.0815      1.42103   0.00927925     0.994730   0.00927925
      10.1036      1.41829    0.0137707     0.994928    0.0137707
      10.1258      1.32934    0.0105008     0.988052    0.0105008
      10.1480      1.31572   0.00978496     0.993693   0.00978496
      10.1702      1.27539    0.0120497     0.993835    0.0120497
      10.1924      1.30522    0.0194753     0.988432    0.0194753
      10.2146      1.30909    0.0126153     0.989548    0.0126153
      10.2367      1.36151    0.0135853     0.998537    0.0135853
      10.2589      1.44383   0.00958111     0.995495   0.00958111
      10.2811      1.51306    0.0131002     0.989892    0.0131002
      10.3033      1.62149    0.0147856     0.985686    0.0147856
      10.3255      1.63154    0.0171386     0.987363    0.0171386
      10.3477      1.56951    0.0198943     0.987114    0.0198943
      10.3699      1.44735    0.0243780     0.986224    0.0243780
      10.3920      1.40813   0.00808911     0.996063   0.00808911
      10.4142      1.37574    0.0103974     0.992505    0.0103974
      10.4364      1.35451    0.0120227     0.992790    0.0120227
      10.4586      1.35078    0.0112112     0.993127    0.0112112
      10.4808      1.40729    0.0157000     0.989152    0.0157000
      10.5030      1.39614    0.0120945     0.988197    0.0120945
      10.5252      1.34908    0.0100286     0.998145    0.0100286
      10.5473      1.34668    0.0193490     0.980668    0.0193490
      10.5695      1.29260   0.00813526     0.994970   0.00813526
      10.5917      1.30872    0.0154865     0.992918    0.0154865
      10.6139      1.31859    0.0101413     0.990997    0.0101413
      10.6361      1.33715    0.0107048     0.992905    0.0107048
      10.6583      1.39070   0.00997829     0.997785   0.00997829
      10.6804      1.53607    0.0112477     0.987715    0.0112477
      10.7026      1.57783    0.0141112     0.987917    0.0141112
      10.7248      1.62310    0.0149029     0.986624    0.0149029
      10.7470      1.57675    0.0140361     0.984397    0.0140361
      10.7692      1.54867    0.0160638     0.987804    0.0160638
      10.7914      1.42934    0.0117065     0.992653    0.0117065
      10.8136      1.33546    0.0125509     0.988761    0.0125509
      10.8357      1.28359    0.0136219     0.992991    0.0136219
      10.8579      1.27615    0.0214076     0.996251    0.0214076
      10.8801      1.25934    0.0137476      1.00323    0.0137476
      10.9023      1.26235    0.0119876     0.995507    0.0119876
      10.9245      1.29246    0.0137706     0.990909    0.0137706
      10.9467      1.27459    0.0101905     0.998720    0.0101905
      10.9688      1.29629   0.00988374      1.00369   0.00988374
      10.9910      1.31912    0.0190641     0.978304    0.0190641
      11.0132      1.27040   0.00817987      1.00237   0.00817987
      11.0354      1.28618    0.0130176     0.990091    0.0130176
      11.0576      1.27949    0.0106090     0.997052    0.0106090
      11.0798      1.25050    0.0113745     0.989358    0.0113745
      11.1020      1.20591    0.0122781     0.998723    0.0122781
      11.1241      1.25036   0.00726619     0.997736   0.00726619
      11.1463      1.25590    0.0146787     0.989887    0.0146787
      11.1685      1.25893    0.0104983     0.993863    0.0104983
      11.1907      1.28740    0.0111264     0.991734    0.0111264
      11.2129      1.31381    0.0101568     0.994617    0.0101568
      11.2351      1.29132    0.0118892     0.993676    0.0118892
      11.2572      1.25401    0.0111436     0.999728    0.0111436
      11.2794      1.21680   0.00929148     0.994787   0.00929148
      11.3016      1.21737    0.0101673     0.999700    0.0101673
      11.3238      1.18777   0.00955055      1.00767   0.00955055
      11.3460      1.19542    0.0108511     0.999263    0.0108511
      11.3682      1.20730    0.0126368     0.990279    0.0126368
      11.3904      1.19479    0.0101813     0.997545    0.0101813
      11.4125      1.20411   0.00809651     0.999585   0.00809651
      11.4347      1.19668    0.0163830     0.986031    0.0163830
      11.4569      1.18568   0.00876297     0.995656   0.00876297
      11.4791      1.19650    0.0135245     0.990345    0.0135245
      11.5013      1.20067    0.0114158     0.992270    0.0114158
      11.5235      1.16070    0.0143924     0.992103    0.0143924
      11.5457      1.12994   0.00839417     0.992833   0.00839417
      11.5678      1.13711   0.00871598     0.992845   0.00871598
      11.5900      1.11502   0.00884223     0.990887   0.00884223
      11.6122      1.12076    0.0130699     0.998476    0.0130699
      11.6344      1.11865    0.0106731     0.989576    0.0106731
      11.6566      1.12610   0.00940879     0.990659   0.00940879
      11.6788      1.12578   0.00913412     0.993686   0.00913412
      11.7009      1.13824   0.00988735     0.993462   0.00988735
      11.7231      1.11606   0.00882581     0.990131   0.00882581
      11.7453      1.12719   0.00712800     0.993444   0.00712800
      11.7675      1.11092   0.00984347     0.997647   0.00984347
      11.7897      1.10584   0.00822824     0.986157   0.00822824
      11.8119      1.11575    0.0100368     0.991104    0.0100368
      11.8341      1.07909    0.0113586     0.980393    0.0113586
      11.8562      1.07814   0.00895019     0.995919   0.00895019
      11.8784      1.08871    0.0119674     0.991204    0.0119674
      11.9006      1.08760    0.0133695     0.999798    0.0133695
      11.9228      1.07647    0.0120627     0.987429    0.0120627
      11.9450      1.06448   0.00561378     0.989466   0.00561378
      11.9672      1.07330    0.0112818     0.991771    0.0112818
      11.9893      1.05345   0.00839279     0.993276   0.00839279
      12.0115      1.06795   0.00971537     0.993200   0.00971537
      12.0337      1.07056   0.00933593     0.987519   0.00933593
      12.0559      1.06097   0.00913311     0.997625   0.00913311
      12.0781      1.08766    0.0133492      1.00294    0.0133492
      12.1003      1.05820    0.0110671     0.988925    0.0110671
      12.1225      1.05057   0.00869606     0.993046   0.00869606
      12.1446      1.05759   0.00934113     0.992561   0.00934113
      12.1668      1.05366   0.00698639     0.998851   0.00698639
      12.1890      1.06289    0.0107445     0.983029    0.0107445
      12.2112      1.05138   0.00772463      1.00214   0.00772463
      12.2334      1.09342   0.00953454     0.993222   0.00953454
      12.2556      1.05862   0.00826125     0.993339   0.00826125
      12.2777      1.07281   0.00982028     0.991279   0.00982028
      12.2999      1.04702   0.00524105     0.994149   0.00524105
      12.3221      1.06844   0.00808516      1.00362   0.00808516
      12.3443      1.05420   0.00804544     0.992621   0.00804544
      12.3665      1.06602    0.0165068     0.994988    0.0165068
      12.3887      1.05419    0.0119674     0.995061    0.0119674
      12.4109      1.05209   0.00944948      1.00154   0.00944948
      12.4330      1.05324   0.00917711     0.997220   0.00917711
      12.4552      1.05864   0.00864055     0.997934   0.00864055
      12.4774      1.05016   0.00755568     0.997495   0.00755568
      12.4996      1.05116   0.00669545     0.996164   0.00669545
      12.5218      1.05870   0.00507726     0.998645   0.00507726
      12.5440      1.06268   0.00370878     0.996652   0.00370878
      12.5662      1.05560   0.00938200      1.00232   0.00938200
      12.5883      1.06029   0.00581247      1.00091   0.00581247
      12.6105      1.06027   0.00557607     0.994883   0.00557607
      12.6327      1.07304    0.0110607     0.996765    0.0110607
      12.6549      1.07141   0.00746324     0.998186   0.00746324
      12.6771      1.07671    0.0108164      1.00310    0.0108164
      12.6993      1.08160   0.00742007      1.00250   0.00742007
      12.7214      1.06500   0.00958856     0.990876   0.00958856
      12.7436      1.06400   0.00843198     0.996020   0.00843198
      12.7658      1.06690   0.00990095      1.00598   0.00990095
      12.7880      1.07737   0.00793376      1.00020   0.00793376
      12.8102      1.08810    0.0114132     0.999452    0.0114132
      12.8324      1.07000   0.00840542     0.997224   0.00840542
      12.8546      1.07228   0.00997606      1.00067   0.00997606
      12.8767      1.06576   0.00778967     0.995660   0.00778967
      12.8989      1.08070   0.00731409     0.998413   0.00731409
      12.9211      1.07850   0.00881483     0.995800   0.00881483
      12.9433      1.08186   0.00787024     0.997079   0.00787024
      12.9655      1.06861   0.00829819      1.00333   0.00829819
      12.9877      1.07844   0.00878242     0.995136   0.00878242
      13.0098      1.07748    0.0116001      1.00260    0.0116001
      13.0320      1.06707    0.0111198      1.00363    0.0111198
      13.0542      1.07159   0.00765752     0.992169   0.00765752
      13.0764      1.08039    0.0169245     0.998846    0.0169245
      13.0986      1.09567    0.0145487     0.997375    0.0145487
      13.1208      1.09550    0.0209914      1.01980    0.0209914
      13.1430      1.06681    0.0143965     0.990169    0.0143965
      13.1651      1.05006    0.0187503     0.983665    0.0187503
      13.1873      1.02288    0.0197218     0.991926    0.0197218
      13.2095      1.05711    0.0585381      1.04937    0.0585381
      13.2317      1.06708    0.0547025      1.01714    0.0547025
      13.2539      1.21571    0.0867101     0.994153    0.0867101
      13.2761     0.996925    0.0629424     0.989762    0.0629424
      13.2982      1.00087     0.300347      1.06111     0.300347
      13.3204      1.18875     0.449077      1.08306     0.449077
      13.3426      1.66590     0.485774      1.00680     0.485774
      13.3648      2.84415      5.88075      49.6369      5.88075
      13.3870      6.07838      3.09050      1.32930      3.09050
      13.4092      8.30282     0.618698      1.83966     0.618698
      13.4314      1.52832     0.485898      1.05236     0.485898
      13.4535      2.41335     0.557084     0.991626     0.557084
      13.4757      3.56149      1.55811      1.03558      1.55811
      13.4979      1.37135     0.132770      1.10036     0.132770
      13.5201      1.39120     0.296179      1.10420     0.296179
      13.5423      1.07388    0.0959182      1.00446    0.0959182
      13.5645     0.961850     0.301671     0.959601     0.301671
      13.5867      1.58662     0.961239      1.05377     0.961239
      13.6088      2.40540     0.370520      1.30599     0.370520
      13.6310      2.39378     0.499793      1.17069     0.499793
      13.6532      3.10887      1.54621      1.03554      1.54621
      13.6754      1.44234     0.132190      1.03837     0.132190
      13.6976      8.80363     0.573417      1.63697     0.573417
      13.7198      1.37913     0.156100      1.07042     0.156100
      13.7419     0.950000     0.611974      1.27799     0.611974
      13.7641      1.34937     0.130383      1.03318     0.130383
      13.7863      2.31884     0.535196      1.13605     0.535196
      13.8085      1.29418     0.107214      1.04390     0.107214
      13.8307      1.70171     0.882285      1.10007     0.882285
      13.8529      1.79877     0.233384      1.06288     0.233384
      13.8751      1.27583     0.176718      1.00089     0.176718
      13.8972      1.56005     0.293853     0.975093     0.293853
      13.9194      2.32053     0.973461     0.979258     0.973461
      13.9416      1.32584    0.0989110      1.10093    0.0989110
      13.9638      1.35613     0.268707      1.07929     0.268707
      13.9860         -NaN          NaN         -NaN          NaN
