trecsN1.txt
 -- Radiance Enhancement %
Wavelength | Impact Enhancement | Impact Error | Background Enhancement | Backgrdound Error
      6.90903     0.950000     0.975802     0.950000     0.975802
      6.93121      32.5599      11.4372      5.71699      11.4372
      6.95340      2.13766     0.106346      1.01929     0.106346
      6.97558      1.56448     0.106822      1.03419     0.106822
      6.99777      1.47346    0.0838336     0.980010    0.0838336
      7.01995      1.76095     0.154098      1.02261     0.154098
      7.04214      1.27660     0.217819      1.00259     0.217819
      7.06432      1.22907     0.138793      1.05999     0.138793
      7.08651      1.59192     0.116938     0.978584     0.116938
      7.10869      1.45583     0.112124      1.00286     0.112124
      7.13088      1.75408    0.0786654      1.00999    0.0786654
      7.15306      1.90581     0.200228      1.06902     0.200228
      7.17525      1.40402     0.137017     0.989756     0.137017
      7.19743      1.96367     0.115315      1.06582     0.115315
      7.21962      1.61735    0.0979718     0.988879    0.0979718
      7.24180      1.64289    0.0978781      1.00869    0.0978781
      7.26399      1.69785     0.142876      1.01259     0.142876
      7.28617      1.29251     0.122589      1.06496     0.122589
      7.30836      1.12503     0.137531      1.02759     0.137531
      7.33054      1.57185     0.215337     0.991525     0.215337
      7.35273      1.43543     0.215330      1.06586     0.215330
      7.37491      4.34288     0.744476      1.28254     0.744476
      7.39710      2.06597     0.124311      1.02697     0.124311
      7.41928      1.52684    0.0738484      1.00540    0.0738484
      7.44146      1.48228    0.0774529     0.969835    0.0774529
      7.46365      1.97466     0.114803      1.00219     0.114803
      7.48583      1.49218     0.263637      1.01481     0.263637
      7.50802      1.25176     0.140879      1.07602     0.140879
      7.53020      1.62332    0.0942324     0.974644    0.0942324
      7.55239      1.62229     0.103413      1.00192     0.103413
      7.57457      2.00316     0.109481     0.993972     0.109481
      7.59676      1.99689     0.493871      1.14860     0.493871
      7.61894      1.58268     0.326815      1.01491     0.326815
      7.64113      3.09997     0.511881      1.10499     0.511881
      7.66331      2.56664      3.45691     0.966034      3.45691
      7.68550      3.59814     0.544124      1.05815     0.544124
      7.70768     0.950000     0.156523      1.39393     0.156523
      7.72987      1.10112     0.193819      1.04664     0.193819
      7.75205     0.950000     0.101535      1.00891     0.101535
      7.77424     0.950000    0.0561206      1.01818    0.0561206
      7.79642     0.950000    0.0315339     0.983528    0.0315339
      7.81861     0.963544    0.0429064     0.998053    0.0429064
      7.84079     0.950000    0.0150850     0.990151    0.0150850
      7.86298     0.950000    0.0214228      1.00135    0.0214228
      7.88516     0.950000    0.0204670      1.00566    0.0204670
      7.90735     0.950000    0.0165909      1.00188    0.0165909
      7.92953     0.956106    0.0121171     0.988667    0.0121171
      7.95171     0.957139    0.0116794     0.977997    0.0116794
      7.97390     0.950000    0.0190009     0.998921    0.0190009
      7.99608     0.954032    0.0156393     0.995035    0.0156393
      8.01827     0.961500    0.0155355     0.988294    0.0155355
      8.04045     0.967572    0.0118442     0.987223    0.0118442
      8.06264     0.979129    0.0161409      1.00376    0.0161409
      8.08482     0.974887    0.0187172     0.990034    0.0187172
      8.10701     0.950000    0.0137148      1.00252    0.0137148
      8.12919     0.962545    0.0215683      1.01303    0.0215683
      8.15138      1.00408    0.0143671      1.00398    0.0143671
      8.17356      1.05541    0.0149862     0.995516    0.0149862
      8.19575      1.07751    0.0171144     0.998711    0.0171144
      8.21793      1.07386    0.0184795      1.00021    0.0184795
      8.24012      1.07733    0.0244648     0.991546    0.0244648
      8.26230      1.06356    0.0175639     0.994381    0.0175639
      8.28449      1.07087    0.0190160      1.00655    0.0190160
      8.30667      1.09225    0.0195872     0.995776    0.0195872
      8.32886      1.10041    0.0230579     0.994524    0.0230579
      8.35104      1.07547    0.0209677     0.992534    0.0209677
      8.37323      1.10043    0.0203214     0.992560    0.0203214
      8.39541      1.10165    0.0256314     0.986273    0.0256314
      8.41760      1.08962    0.0263794     0.988055    0.0263794
      8.43978      1.09046    0.0249086     0.994261    0.0249086
      8.46197      1.07588    0.0191819     0.994035    0.0191819
      8.48415      1.07293    0.0256267     0.983601    0.0256267
      8.50633      1.11263    0.0229787     0.996360    0.0229787
      8.52852      1.08466    0.0239890     0.992581    0.0239890
      8.55070      1.07055    0.0194961     0.994923    0.0194961
      8.57289      1.05166    0.0187264     0.998630    0.0187264
      8.59507      1.07349    0.0262772     0.991903    0.0262772
      8.61726      1.10759    0.0202191     0.992016    0.0202191
      8.63944      1.10023    0.0242450     0.988525    0.0242450
      8.66163      1.10255    0.0190085     0.990273    0.0190085
      8.68381      1.11315    0.0246415     0.992695    0.0246415
      8.70600      1.07205    0.0197158     0.988200    0.0197158
      8.72818      1.14191    0.0212810     0.999828    0.0212810
      8.75037      1.10585    0.0188200     0.996068    0.0188200
      8.77255      1.12702    0.0200437      1.00286    0.0200437
      8.79474      1.08843    0.0119938      1.00323    0.0119938
      8.81692      1.14638    0.0186682     0.996168    0.0186682
      8.83911      1.15367    0.0150220      1.00018    0.0150220
      8.86129      1.19547    0.0261135     0.994675    0.0261135
      8.88348      1.20082    0.0196748     0.994612    0.0196748
      8.90566      1.17783    0.0216257     0.994603    0.0216257
      8.92785      1.16794    0.0143626     0.999694    0.0143626
      8.95003      1.23980    0.0214926     0.998658    0.0214926
      8.97222      1.20519    0.0167185     0.995853    0.0167185
      8.99440      1.23023    0.0237183     0.994378    0.0237183
      9.01659      1.20092    0.0174820     0.998148    0.0174820
      9.03877      1.26397    0.0168908      1.00285    0.0168908
      9.06095      1.23864    0.0225118     0.993295    0.0225118
      9.08314      1.27186    0.0218890     0.986292    0.0218890
      9.10532      1.25452    0.0210347      1.00191    0.0210347
      9.12751      1.28697    0.0184252     0.997767    0.0184252
      9.14969      1.26999    0.0159790     0.990120    0.0159790
      9.17188      1.33610    0.0124524      1.00001    0.0124524
      9.19406      1.35714    0.0206707     0.996026    0.0206707
      9.21625      1.36745    0.0236677     0.995631    0.0236677
      9.23843      1.36048    0.0122958      1.00555    0.0122958
      9.26062      1.37663    0.0234702     0.991248    0.0234702
      9.28280      1.42008    0.0145956      1.00117    0.0145956
      9.30499      1.44500    0.0177678     0.997411    0.0177678
      9.32717      1.46126    0.0170896     0.991278    0.0170896
      9.34936      1.44291    0.0273499      1.00003    0.0273499
      9.37154      1.40017    0.0199512     0.991315    0.0199512
      9.39373      1.43985    0.0240508      1.00181    0.0240508
      9.41591      1.45626    0.0261562     0.995098    0.0261562
      9.43810      1.50041    0.0295768     0.991296    0.0295768
      9.46028      1.49392    0.0164744     0.991574    0.0164744
      9.48247      1.62913    0.0266663     0.997206    0.0266663
      9.50465      1.61168    0.0232048     0.994552    0.0232048
      9.52684      1.64938    0.0170657     0.998534    0.0170657
      9.54902      1.57262    0.0204317     0.999352    0.0204317
      9.57121      1.57850    0.0191760     0.999567    0.0191760
      9.59339      1.48886    0.0297254     0.992974    0.0297254
      9.61557      1.55090    0.0181425      1.00125    0.0181425
      9.63776      1.61625    0.0221820     0.994571    0.0221820
      9.65994      1.62878    0.0285064     0.995100    0.0285064
      9.68213      1.62199    0.0216792      1.00838    0.0216792
      9.70431      1.63379    0.0317911     0.988989    0.0317911
      9.72650      1.66858    0.0756787      1.00803    0.0756787
      9.74868      1.67288    0.0456891     0.995362    0.0456891
      9.77087      1.52402    0.0257241     0.989130    0.0257241
      9.79305      1.46018    0.0239682     0.997226    0.0239682
      9.81524      1.53638    0.0162810     0.998566    0.0162810
      9.83742      1.60502    0.0227454     0.998030    0.0227454
      9.85961      1.64753    0.0221575      1.00129    0.0221575
      9.88179      1.64064    0.0233390     0.987480    0.0233390
      9.90398      1.59028    0.0140400     0.995997    0.0140400
      9.92616      1.57933    0.0214623     0.995979    0.0214623
      9.94835      1.46804    0.0160213     0.999631    0.0160213
      9.97053      1.47087   0.00906757     0.999497   0.00906757
      9.99272      1.47102    0.0214934     0.999500    0.0214934
      10.0149      1.52321    0.0130488     0.993583    0.0130488
      10.0371      1.48686    0.0152956     0.993941    0.0152956
      10.0593      1.53787    0.0169598     0.996999    0.0169598
      10.0815      1.48375    0.0172716     0.993222    0.0172716
      10.1036      1.45571    0.0135477     0.999837    0.0135477
      10.1258      1.39632    0.0149784     0.998985    0.0149784
      10.1480      1.35588    0.0198970     0.994779    0.0198970
      10.1702      1.34665    0.0137816     0.998847    0.0137816
      10.1924      1.36507    0.0139338     0.998322    0.0139338
      10.2146      1.39036    0.0171939     0.997699    0.0171939
      10.2367      1.38103    0.0182151      1.00202    0.0182151
      10.2589      1.49233    0.0135600     0.991218    0.0135600
      10.2811      1.61749    0.0154594     0.999613    0.0154594
      10.3033      1.71201    0.0148668     0.993457    0.0148668
      10.3255      1.75214    0.0138452     0.992931    0.0138452
      10.3477      1.65646    0.0162186     0.993245    0.0162186
      10.3699      1.62157    0.0148545     0.993240    0.0148545
      10.3920      1.49117    0.0129719     0.996774    0.0129719
      10.4142      1.44924    0.0107492     0.996248    0.0107492
      10.4364      1.40182    0.0156405     0.999083    0.0156405
      10.4586      1.41023    0.0160294     0.998920    0.0160294
      10.4808      1.42284    0.0162165     0.992983    0.0162165
      10.5030      1.41793    0.0191530     0.998720    0.0191530
      10.5252      1.41595    0.0167953     0.992832    0.0167953
      10.5473      1.38108    0.0139064     0.998515    0.0139064
      10.5695      1.35536    0.0142574     0.994900    0.0142574
      10.5917      1.35784    0.0118789     0.996452    0.0118789
      10.6139      1.37199    0.0141147     0.999112    0.0141147
      10.6361      1.38550    0.0137302     0.995083    0.0137302
      10.6583      1.49586    0.0107889     0.999007    0.0107889
      10.6804      1.59300    0.0130362     0.999400    0.0130362
      10.7026      1.67295    0.0108585     0.994008    0.0108585
      10.7248      1.65273    0.0153424     0.995248    0.0153424
      10.7470      1.67535    0.0102873     0.997391    0.0102873
      10.7692      1.61930    0.0108061     0.997901    0.0108061
      10.7914      1.46236    0.0105243     0.995763    0.0105243
      10.8136      1.42177    0.0139844     0.993078    0.0139844
      10.8357      1.35804    0.0173426     0.998546    0.0173426
      10.8579      1.33579    0.0112845     0.999796    0.0112845
      10.8801      1.31343    0.0171683      1.00096    0.0171683
      10.9023      1.31052    0.0151027     0.998908    0.0151027
      10.9245      1.31689    0.0151058     0.994626    0.0151058
      10.9467      1.33960    0.0171199      1.00146    0.0171199
      10.9688      1.36536    0.0180782     0.994887    0.0180782
      10.9910      1.32948    0.0169269     0.999881    0.0169269
      11.0132      1.35093    0.0145031     0.997842    0.0145031
      11.0354      1.34243    0.0144048     0.992913    0.0144048
      11.0576      1.33053    0.0113284      1.00190    0.0113284
      11.0798      1.27188    0.0165849     0.995779    0.0165849
      11.1020      1.29984    0.0106284     0.999960    0.0106284
      11.1241      1.32063    0.0148304     0.998106    0.0148304
      11.1463      1.31611    0.0113740     0.999465    0.0113740
      11.1685      1.30629    0.0163541     0.998642    0.0163541
      11.1907      1.34474   0.00875660     0.999493   0.00875660
      11.2129      1.34390    0.0112217     0.994825    0.0112217
      11.2351      1.30843    0.0121265     0.998353    0.0121265
      11.2572      1.30388    0.0153020     0.997781    0.0153020
      11.2794      1.25752    0.0133763      1.00062    0.0133763
      11.3016      1.25175    0.0135453      1.00513    0.0135453
      11.3238      1.23018    0.0116371      1.00104    0.0116371
      11.3460      1.22739    0.0104693     0.999927    0.0104693
      11.3682      1.21921    0.0152256     0.992963    0.0152256
      11.3904      1.20863    0.0123049      1.00136    0.0123049
      11.4125      1.23619   0.00723017     0.994662   0.00723017
      11.4347      1.22216   0.00877097     0.999253   0.00877097
      11.4569      1.20201   0.00658127     0.995742   0.00658127
      11.4791      1.22646    0.0130648     0.993838    0.0130648
      11.5013      1.20214   0.00811229     0.997260   0.00811229
      11.5235      1.18025   0.00942976     0.993279   0.00942976
      11.5457      1.16654   0.00751638     0.998795   0.00751638
      11.5678      1.16217    0.0102349     0.992973    0.0102349
      11.5900      1.14781   0.00686098     0.994567   0.00686098
      11.6122      1.12569    0.0141390     0.998972    0.0141390
      11.6344      1.12664   0.00832081     0.995939   0.00832081
      11.6566      1.15481   0.00949550     0.995728   0.00949550
      11.6788      1.11934   0.00803664     0.995311   0.00803664
      11.7009      1.15968    0.0123650     0.991589    0.0123650
      11.7231      1.13098   0.00939398     0.991947   0.00939398
      11.7453      1.13236   0.00904856     0.993358   0.00904856
      11.7675      1.12268    0.0107736     0.994826    0.0107736
      11.7897      1.11455   0.00943920     0.991072   0.00943920
      11.8119      1.09282    0.0125131     0.989448    0.0125131
      11.8341      1.09262    0.0127836     0.995239    0.0127836
      11.8562      1.08665   0.00847468     0.992893   0.00847468
      11.8784      1.07306    0.0115492     0.991249    0.0115492
      11.9006      1.07675    0.0113202     0.992906    0.0113202
      11.9228      1.07626    0.0138227     0.991930    0.0138227
      11.9450      1.07908   0.00691423     0.991372   0.00691423
      11.9672      1.08786    0.0107307     0.990705    0.0107307
      11.9893      1.07442   0.00940691     0.993603   0.00940691
      12.0115      1.06869    0.0143235     0.991425    0.0143235
      12.0337      1.06882    0.0115561     0.992790    0.0115561
      12.0559      1.04980   0.00831441     0.992993   0.00831441
      12.0781      1.06888   0.00747469     0.994271   0.00747469
      12.1003      1.07558    0.0113319     0.988441    0.0113319
      12.1225      1.06021   0.00707761     0.997903   0.00707761
      12.1446      1.07020   0.00907688     0.991862   0.00907688
      12.1668      1.04709   0.00684344     0.993630   0.00684344
      12.1890      1.06700   0.00978018     0.998375   0.00978018
      12.2112      1.05970    0.0108983     0.986002    0.0108983
      12.2334      1.05613    0.0117914     0.989864    0.0117914
      12.2556      1.05717    0.0105729     0.990872    0.0105729
      12.2777      1.05815    0.0108843     0.988607    0.0108843
      12.2999      1.06143   0.00640422     0.991972   0.00640422
      12.3221      1.04467   0.00975038     0.993576   0.00975038
      12.3443      1.05928   0.00742536     0.995103   0.00742536
      12.3665      1.09867    0.0242392     0.990763    0.0242392
      12.3887      1.06674    0.0185219     0.996040    0.0185219
      12.4109      1.04772    0.0111353     0.987620    0.0111353
      12.4330      1.05494    0.0123415     0.994314    0.0123415
      12.4552      1.05355   0.00654472     0.993191   0.00654472
      12.4774      1.05657    0.0100360     0.996459    0.0100360
      12.4996      1.06195   0.00951603     0.993369   0.00951603
      12.5218      1.05353   0.00503132     0.994557   0.00503132
      12.5440      1.07224   0.00626732     0.992887   0.00626732
      12.5662      1.06295   0.00626207     0.992331   0.00626207
      12.5883      1.08183   0.00420296     0.994274   0.00420296
      12.6105      1.07209   0.00635069     0.994153   0.00635069
      12.6327      1.07672   0.00838099     0.994585   0.00838099
      12.6549      1.08793   0.00790228     0.996326   0.00790228
      12.6771      1.06520   0.00734117     0.995602   0.00734117
      12.6993      1.09151   0.00675880     0.995561   0.00675880
      12.7214      1.09516   0.00814658     0.994450   0.00814658
      12.7436      1.08341    0.0100998     0.994970    0.0100998
      12.7658      1.09855    0.0102892     0.994967    0.0102892
      12.7880      1.07004   0.00720666     0.996333   0.00720666
      12.8102      1.10513   0.00426739     0.992887   0.00426739
      12.8324      1.09160   0.00936465     0.994851   0.00936465
      12.8546      1.08126   0.00985770     0.993075   0.00985770
      12.8767      1.09248   0.00932432     0.996022   0.00932432
      12.8989      1.08193   0.00826410     0.994004   0.00826410
      12.9211      1.10790    0.0103003     0.995251    0.0103003
      12.9433      1.08574   0.00832134     0.999479   0.00832134
      12.9655      1.09128   0.00746395     0.994931   0.00746395
      12.9877      1.09530    0.0113394     0.993824    0.0113394
      13.0098      1.11173    0.0124766     0.990315    0.0124766
      13.0320      1.11447    0.0109569     0.990738    0.0109569
      13.0542      1.08922    0.0123007     0.993133    0.0123007
      13.0764      1.13030    0.0175653     0.995099    0.0175653
      13.0986      1.09415    0.0117272     0.995650    0.0117272
      13.1208      1.10232    0.0131745     0.996048    0.0131745
      13.1430      1.11078    0.0143285     0.996518    0.0143285
      13.1651      1.14061    0.0176150     0.993164    0.0176150
      13.1873      1.10919    0.0143335     0.992337    0.0143335
      13.2095      1.22545    0.0317792      1.00971    0.0317792
      13.2317     0.950000    0.0312812      1.00090    0.0312812
      13.2539      1.28439    0.0906276     0.970251    0.0906276
      13.2761     0.950000    0.0529919     0.999323    0.0529919
      13.2982      1.23563     0.132264     0.975921     0.132264
      13.3204      1.12863     0.121200      1.02091     0.121200
      13.3426      1.31070     0.242941      1.00916     0.242941
      13.3648      1.59742     0.291609      1.06454     0.291609
      13.3870     0.950000     0.695239      1.55393     0.695239
      13.4092     0.950000      4.23142      1.12550      4.23142
      13.4314      3.28195     0.679345      1.88745     0.679345
      13.4535      3.03325      8.21991      1.30474      8.21991
      13.4757      15.9074      2.86428      1.75057      2.86428
      13.4979      1.82838     0.146271      1.04303     0.146271
      13.5201      1.71097      1.01587      1.04076      1.01587
      13.5423      1.86649     0.238059     0.983139     0.238059
      13.5645      3.26022      1.88393      1.14899      1.88393
      13.5867      18.7132     0.215170      1.08563     0.215170
      13.6088      1.39520     0.926566      1.06397     0.926566
      13.6310      1.96046     0.277080      1.07169     0.277080
      13.6532      2.98434     0.272297      1.42781     0.272297
      13.6754      2.13482    0.0896663     0.967140    0.0896663
      13.6976      1.49679      1.33002      1.47209      1.33002
      13.7198      1.91834     0.171351      1.05248     0.171351
      13.7419      8.93538     0.472970      2.86173     0.472970
      13.7641      1.62185     0.179570     0.993554     0.179570
      13.7863      2.22134      3.75756      2.32791      3.75756
      13.8085      1.43533     0.228180      1.08849     0.228180
      13.8307      1.68856      11.4636      1.00214      11.4636
      13.8529      1.94236     0.296951      1.08968     0.296951
      13.8751      1.37849      1.68671      1.10243      1.68671
      13.8972      1.82763     0.380638      1.08144     0.380638
      13.9194      2.40601     0.348580      1.28819     0.348580
      13.9416      1.79522     0.111254      1.00598     0.111254
      13.9638      1.38162     0.281427      1.04248     0.281427
      13.9860         -NaN          NaN         -NaN          NaN
