trecsN5.txt
 -- Radiance Enhancement %
Wavelength | Impact Enhancement | Impact Error | Background Enhancement | Backgrdound Error
      6.90903     0.950000     0.992152     0.950000     0.992152
      6.93121      1.47090     0.181942      1.13995     0.181942
      6.95340      1.17921    0.0924504      1.01013    0.0924504
      6.97558      1.37933    0.0834927      1.01027    0.0834927
      6.99777      1.73122     0.124477      1.00759     0.124477
      7.01995      1.51017    0.0939044      1.19157    0.0939044
      7.04214      1.66744     0.140926      1.04403     0.140926
      7.06432      1.61822     0.125575      1.19427     0.125575
      7.08651      1.45419     0.153566      1.02568     0.153566
      7.10869      1.62935     0.309907     0.971779     0.309907
      7.13088      1.70420     0.100038      1.12366     0.100038
      7.15306      1.25494     0.124859      1.02801     0.124859
      7.17525      1.43878     0.160234     0.986749     0.160234
      7.19743      1.53389     0.142860      1.05841     0.142860
      7.21962      1.47331     0.129400     0.961131     0.129400
      7.24180      1.56893     0.193946      1.01891     0.193946
      7.26399      1.22267     0.170809      1.06721     0.170809
      7.28617      1.07956     0.137433      1.12616     0.137433
      7.30836      1.20119     0.124777      1.01414     0.124777
      7.33054      1.61404     0.488681      1.12110     0.488681
      7.35273      2.27142      3.26701      1.07424      3.26701
      7.37491      1.47883     0.171350      1.13111     0.171350
      7.39710      1.22896    0.0785661      1.03310    0.0785661
      7.41928      1.41235    0.0871296      1.01151    0.0871296
      7.44146      1.74341     0.118571      1.03449     0.118571
      7.46365      1.47681    0.0947469      1.18038    0.0947469
      7.48583      1.66653     0.132081      1.04605     0.132081
      7.50802      1.69812     0.128132      1.16786     0.128132
      7.53020      1.43239     0.171901      1.04144     0.171901
      7.55239      1.68692     0.392456     0.972659     0.392456
      7.57457      1.86685     0.120563      1.17225     0.120563
      7.59676      1.29892     0.115902      1.03264     0.115902
      7.61894      1.43679     0.170880     0.990470     0.170880
      7.64113      1.55656     0.283217      1.06076     0.283217
      7.66331      1.78581     0.505867     0.950000     0.505867
      7.68550      3.71808      21.8270      1.08084      21.8270
      7.70768      2.42012     0.363132      1.20059     0.363132
      7.72987      3.58999     0.248260      1.46162     0.248260
      7.75205      1.01970     0.172589      1.23436     0.172589
      7.77424     0.950000     0.196687      1.18571     0.196687
      7.79642     0.950000    0.0343198      1.01516    0.0343198
      7.81861     0.950000    0.0318509     0.956824    0.0318509
      7.84079     0.996513    0.0238107      1.03105    0.0238107
      7.86298     0.950000    0.0312399      1.01488    0.0312399
      7.88516      1.01593    0.0185666     0.999046    0.0185666
      7.90735      1.05966    0.0153310     0.985555    0.0153310
      7.92953     0.967946    0.0178376      1.00127    0.0178376
      7.95171      1.03359    0.0194595      1.00022    0.0194595
      7.97390      1.02733    0.0185571      1.01167    0.0185571
      7.99608      1.05138    0.0183721      1.04639    0.0183721
      8.01827     0.959107    0.0254329     0.983486    0.0254329
      8.04045      1.03758    0.0324477     0.991607    0.0324477
      8.06264      1.00947    0.0231614      1.02188    0.0231614
      8.08482     0.989374    0.0210234      1.01626    0.0210234
      8.10701      1.01833    0.0244217      1.00424    0.0244217
      8.12919      1.00459    0.0231887     0.991797    0.0231887
      8.15138      1.05048    0.0171029     0.977962    0.0171029
      8.17356      1.10456    0.0232139     0.983056    0.0232139
      8.19575      1.06481    0.0202196     0.972982    0.0202196
      8.21793      1.01891    0.0399905     0.976620    0.0399905
      8.24012      1.03588    0.0211602     0.978032    0.0211602
      8.26230      1.04004    0.0230654     0.969485    0.0230654
      8.28449      1.04729    0.0221621     0.976547    0.0221621
      8.30667      1.03249    0.0211257     0.975380    0.0211257
      8.32886      1.05830    0.0193430     0.978070    0.0193430
      8.35104      1.07963    0.0214742     0.961480    0.0214742
      8.37323      1.04643    0.0239218     0.965370    0.0239218
      8.39541      1.06270    0.0203780     0.963835    0.0203780
      8.41760      1.05256    0.0236142     0.961152    0.0236142
      8.43978      1.05043    0.0224325     0.983989    0.0224325
      8.46197      1.03504    0.0266794     0.963368    0.0266794
      8.48415      1.05287    0.0239927     0.970222    0.0239927
      8.50633      1.07060    0.0212573     0.976762    0.0212573
      8.52852      1.04460    0.0216554     0.976603    0.0216554
      8.55070      1.05132    0.0215675     0.977619    0.0215675
      8.57289      1.04685    0.0215779     0.977396    0.0215779
      8.59507      1.06361    0.0178677     0.974194    0.0178677
      8.61726      1.10252    0.0182668     0.976755    0.0182668
      8.63944      1.07340    0.0191561     0.969660    0.0191561
      8.66163      1.05771    0.0245941     0.974666    0.0245941
      8.68381      1.05931    0.0210922     0.965834    0.0210922
      8.70600      1.04888    0.0245332      1.00111    0.0245332
      8.72818      1.10577    0.0184639     0.984909    0.0184639
      8.75037      1.08080    0.0175087     0.988119    0.0175087
      8.77255      1.09199    0.0181018     0.990306    0.0181018
      8.79474      1.08267    0.0173029     0.986822    0.0173029
      8.81692      1.09341    0.0178118     0.986452    0.0178118
      8.83911      1.11521    0.0188545      1.00383    0.0188545
      8.86129      1.16692    0.0235900     0.989339    0.0235900
      8.88348      1.11920    0.0189469     0.992447    0.0189469
      8.90566      1.11729    0.0171845      1.01034    0.0171845
      8.92785      1.12264    0.0182737     0.986732    0.0182737
      8.95003      1.15094    0.0174448     0.983932    0.0174448
      8.97222      1.14798    0.0168074     0.982895    0.0168074
      8.99440      1.13533    0.0154426     0.996083    0.0154426
      9.01659      1.17636    0.0195287     0.993403    0.0195287
      9.03877      1.21025    0.0148025     0.981116    0.0148025
      9.06095      1.21743    0.0214550      1.01760    0.0214550
      9.08314      1.17271    0.0153966      1.00910    0.0153966
      9.10532      1.19376    0.0154911     0.989484    0.0154911
      9.12751      1.21861    0.0157070     0.985533    0.0157070
      9.14969      1.23445    0.0229574      1.01473    0.0229574
      9.17188      1.30440    0.0200021     0.999337    0.0200021
      9.19406      1.27263    0.0159817     0.995204    0.0159817
      9.21625      1.29569    0.0226363     0.991871    0.0226363
      9.23843      1.31323    0.0185767     0.987945    0.0185767
      9.26062      1.29912    0.0219455     0.988476    0.0219455
      9.28280      1.37053    0.0176428      1.00300    0.0176428
      9.30499      1.39792    0.0244713      1.00079    0.0244713
      9.32717      1.34731    0.0233157     0.987550    0.0233157
      9.34936      1.32211    0.0137275      1.00424    0.0137275
      9.37154      1.31992    0.0232193     0.978898    0.0232193
      9.39373      1.34304    0.0236439     0.991820    0.0236439
      9.41591      1.34725    0.0227811     0.977227    0.0227811
      9.43810      1.36048    0.0216678     0.993998    0.0216678
      9.46028      1.48458    0.0317451     0.992116    0.0317451
      9.48247      1.57361    0.0254023     0.984034    0.0254023
      9.50465      1.68602    0.0347648      1.02975    0.0347648
      9.52684      1.54239    0.0181779      1.00570    0.0181779
      9.54902      1.52924    0.0227868     0.982455    0.0227868
      9.57121      1.45325    0.0253792     0.982367    0.0253792
      9.59339      1.42729    0.0370794      1.02923    0.0370794
      9.61557      1.53975    0.0274037     0.984691    0.0274037
      9.63776      1.49176    0.0260601     0.993972    0.0260601
      9.65994      1.58274    0.0361271     0.991121    0.0361271
      9.68213      1.54847    0.0342647     0.984299    0.0342647
      9.70431      1.49615    0.0324377     0.984758    0.0324377
      9.72650      1.48142    0.0415586      1.00788    0.0415586
      9.74868      1.46766    0.0501828     0.998319    0.0501828
      9.77087      1.36820    0.0239843     0.992413    0.0239843
      9.79305      1.38384    0.0177916      1.01435    0.0177916
      9.81524      1.45117    0.0228063     0.982141    0.0228063
      9.83742      1.56575    0.0195535     0.991638    0.0195535
      9.85961      1.55652    0.0151579     0.984679    0.0151579
      9.88179      1.53814    0.0168261     0.997017    0.0168261
      9.90398      1.52789    0.0155905     0.987512    0.0155905
      9.92616      1.46815    0.0136968     0.981254    0.0136968
      9.94835      1.45012    0.0184647      1.00681    0.0184647
      9.97053      1.38033    0.0131796     0.995706    0.0131796
      9.99272      1.38849    0.0123199     0.989328    0.0123199
      10.0149      1.39946    0.0129475     0.985644    0.0129475
      10.0371      1.42631    0.0169530      1.00346    0.0169530
      10.0593      1.46427    0.0156466     0.998859    0.0156466
      10.0815      1.39008    0.0128221     0.991649    0.0128221
      10.1036      1.37110    0.0144465     0.987251    0.0144465
      10.1258      1.30568    0.0123714     0.989397    0.0123714
      10.1480      1.27977    0.0136160     0.993309    0.0136160
      10.1702      1.27029    0.0115852      1.00136    0.0115852
      10.1924      1.28745    0.0139169     0.991087    0.0139169
      10.2146      1.28364    0.0112266     0.992175    0.0112266
      10.2367      1.31536    0.0135855     0.997929    0.0135855
      10.2589      1.38501    0.0118083     0.986911    0.0118083
      10.2811      1.53561    0.0167929     0.990999    0.0167929
      10.3033      1.59643    0.0110998     0.988114    0.0110998
      10.3255      1.59420    0.0146372     0.993794    0.0146372
      10.3477      1.54683    0.0185834     0.987625    0.0185834
      10.3699      1.49367    0.0236294     0.985743    0.0236294
      10.3920      1.41271    0.0124812      1.00296    0.0124812
      10.4142      1.33341    0.0107898     0.997016    0.0107898
      10.4364      1.33145    0.0100410     0.988507    0.0100410
      10.4586      1.35092    0.0131003      1.00327    0.0131003
      10.4808      1.36095    0.0163201      1.01021    0.0163201
      10.5030      1.33835    0.0151985      1.00356    0.0151985
      10.5252      1.32444    0.0109523     0.991492    0.0109523
      10.5473      1.31093    0.0189999      1.00929    0.0189999
      10.5695      1.29163    0.0113336     0.989441    0.0113336
      10.5917      1.27114    0.0127503      1.00011    0.0127503
      10.6139      1.30666    0.0110352     0.998344    0.0110352
      10.6361      1.33296    0.0117465     0.996446    0.0117465
      10.6583      1.40290    0.0112751     0.990961    0.0112751
      10.6804      1.49010    0.0140530     0.993347    0.0140530
      10.7026      1.58016    0.0156479      1.00183    0.0156479
      10.7248      1.57263    0.0146174     0.992857    0.0146174
      10.7470      1.56271    0.0123652     0.998769    0.0123652
      10.7692      1.50457    0.0140752     0.991209    0.0140752
      10.7914      1.38605    0.0112615     0.995298    0.0112615
      10.8136      1.33087    0.0104527     0.988088    0.0104527
      10.8357      1.29470    0.0145518      1.00082    0.0145518
      10.8579      1.26365    0.0222262     0.985859    0.0222262
      10.8801      1.23558    0.0156623     0.996311    0.0156623
      10.9023      1.23829    0.0106547      1.00002    0.0106547
      10.9245      1.26712    0.0139195      1.00626    0.0139195
      10.9467      1.26343    0.0106359      1.00389    0.0106359
      10.9688      1.28094    0.0107464     0.995558    0.0107464
      10.9910      1.26802    0.0163109      1.00645    0.0163109
      11.0132      1.27143   0.00850573     0.996279   0.00850573
      11.0354      1.24617    0.0128995     0.995956    0.0128995
      11.0576      1.24249    0.0122872     0.992817    0.0122872
      11.0798      1.24403   0.00986368     0.999299   0.00986368
      11.1020      1.22490    0.0145972     0.996953    0.0145972
      11.1241      1.23251   0.00961765      1.00427   0.00961765
      11.1463      1.23800    0.0159255     0.999663    0.0159255
      11.1685      1.27237    0.0138674      1.00657    0.0138674
      11.1907      1.27730    0.0134076      1.00092    0.0134076
      11.2129      1.26774    0.0126560     0.989093    0.0126560
      11.2351      1.25503    0.0131954     0.996462    0.0131954
      11.2572      1.24006    0.0114195     0.990406    0.0114195
      11.2794      1.21543    0.0107297      1.00082    0.0107297
      11.3016      1.19977    0.0137464     0.985762    0.0137464
      11.3238      1.17245    0.0113647     0.992971    0.0113647
      11.3460      1.20121    0.0151479      1.00367    0.0151479
      11.3682      1.17969    0.0177567      1.01308    0.0177567
      11.3904      1.18191    0.0170420      1.01087    0.0170420
      11.4125      1.18212   0.00951449     0.995394   0.00951449
      11.4347      1.16573    0.0174019      1.00904    0.0174019
      11.4569      1.17645   0.00880907     0.989944   0.00880907
      11.4791      1.16186    0.0164111     0.996683    0.0164111
      11.5013      1.17958    0.0129366      1.00576    0.0129366
      11.5235      1.16496    0.0149802     0.988127    0.0149802
      11.5457      1.13648    0.0133095     0.990622    0.0133095
      11.5678      1.13610    0.0115738     0.991866    0.0115738
      11.5900      1.11427    0.0116122      1.01184    0.0116122
      11.6122      1.11784    0.0144512     0.995778    0.0144512
      11.6344      1.12455    0.0123972      1.00873    0.0123972
      11.6566      1.10011    0.0129742     0.995325    0.0129742
      11.6788      1.11714    0.0139670     0.999144    0.0139670
      11.7009      1.11918    0.0141505     0.998563    0.0141505
      11.7231      1.12742    0.0145477      1.00201    0.0145477
      11.7453      1.13326    0.0144413     0.996335    0.0144413
      11.7675      1.11548    0.0129232     0.995928    0.0129232
      11.7897      1.10159    0.0120124      1.00696    0.0120124
      11.8119      1.10263    0.0123989      1.00438    0.0123989
      11.8341      1.08462    0.0150262      1.00755    0.0150262
      11.8562      1.08970    0.0108177     0.996397    0.0108177
      11.8784      1.08364    0.0142588      1.00400    0.0142588
      11.9006      1.08163    0.0130567     0.998614    0.0130567
      11.9228      1.09040    0.0147033      1.00329    0.0147033
      11.9450      1.08310    0.0104615      1.00304    0.0104615
      11.9672      1.07106    0.0145357      1.00280    0.0145357
      11.9893      1.08449    0.0129578      1.00042    0.0129578
      12.0115      1.06812    0.0134410     0.990519    0.0134410
      12.0337      1.06825    0.0133160      1.00258    0.0133160
      12.0559      1.08114    0.0118372     0.995194    0.0118372
      12.0781      1.06677    0.0127466      1.00568    0.0127466
      12.1003      1.05490    0.0135311     0.991551    0.0135311
      12.1225      1.05494    0.0111976      1.00117    0.0111976
      12.1446      1.06700    0.0128474     0.997745    0.0128474
      12.1668      1.05776    0.0107589     0.998452    0.0107589
      12.1890      1.05868    0.0133052     0.999654    0.0133052
      12.2112      1.06132   0.00980200     0.992872   0.00980200
      12.2334      1.03428    0.0101009     0.998103    0.0101009
      12.2556      1.06124    0.0115078     0.994023    0.0115078
      12.2777      1.06477    0.0107171      1.00005    0.0107171
      12.2999      1.06985    0.0127584      1.00384    0.0127584
      12.3221      1.06333   0.00858907     0.999490   0.00858907
      12.3443      1.06154    0.0102088      1.00169    0.0102088
      12.3665      1.07054    0.0143798     0.992264    0.0143798
      12.3887      1.06930    0.0157789     0.998207    0.0157789
      12.4109      1.04813    0.0124094     0.995623    0.0124094
      12.4330      1.06569    0.0111902      1.00074    0.0111902
      12.4552      1.06587    0.0137163     0.994971    0.0137163
      12.4774      1.06319    0.0105166      1.00100    0.0105166
      12.4996      1.06746    0.0102189     0.996268    0.0102189
      12.5218      1.07040   0.00977505      1.00157   0.00977505
      12.5440      1.05605   0.00832538      1.00516   0.00832538
      12.5662      1.06054    0.0102532     0.999997    0.0102532
      12.5883      1.09073    0.0110398     0.993429    0.0110398
      12.6105      1.06601    0.0133210      1.00624    0.0133210
      12.6327      1.06713    0.0121744     0.995125    0.0121744
      12.6549      1.05211    0.0111638     0.994932    0.0111638
      12.6771      1.06606    0.0118820     0.994640    0.0118820
      12.6993      1.06174    0.0113925     0.995562    0.0113925
      12.7214      1.08852    0.0128436     0.998128    0.0128436
      12.7436      1.06546    0.0134991      1.00604    0.0134991
      12.7658      1.08080    0.0123863      1.00436    0.0123863
      12.7880      1.08441   0.00869513     0.997413   0.00869513
      12.8102      1.10936    0.0144256      1.00251    0.0144256
      12.8324      1.07992    0.0120993     0.998189    0.0120993
      12.8546      1.07639    0.0138903     0.997229    0.0138903
      12.8767      1.08274    0.0116048     0.999503    0.0116048
      12.8989      1.10184    0.0143274     0.997473    0.0143274
      12.9211      1.07556    0.0105475      1.00230    0.0105475
      12.9433      1.08020    0.0113988      1.00177    0.0113988
      12.9655      1.08045    0.0124851     0.998699    0.0124851
      12.9877      1.07683    0.0117710      1.00684    0.0117710
      13.0098      1.06192    0.0143167      1.00559    0.0143167
      13.0320      1.09613    0.0153507      1.00090    0.0153507
      13.0542      1.06063    0.0169636      1.01050    0.0169636
      13.0764      1.06606    0.0176629     0.992054    0.0176629
      13.0986      1.01612    0.0152007     0.999010    0.0152007
      13.1208      1.02395    0.0216341     0.996541    0.0216341
      13.1430      1.05244    0.0252933     0.985787    0.0252933
      13.1651      1.09045    0.0283379      1.00120    0.0283379
      13.1873      1.10990    0.0365350      1.03528    0.0365350
      13.2095      1.21279    0.0711828      1.07208    0.0711828
      13.2317      1.12106    0.0515782     0.979802    0.0515782
      13.2539      1.34465     0.110357      1.05094     0.110357
      13.2761      1.11570     0.122614      1.03813     0.122614
      13.2982      1.27347     0.786598      1.02123     0.786598
      13.3204      2.65571     0.389680      1.04588     0.389680
      13.3426      2.26253     0.415058      1.09791     0.415058
      13.3648      3.44109      2.08617      56.8918      2.08617
      13.3870      2.01666      12.0580      1.13078      12.0580
      13.4092      1.46346      7.95755      1.15939      7.95755
      13.4314      4.43721      1.53700      1.14866      1.53700
      13.4535      4.09563      1.70832      1.26734      1.70832
      13.4757      87.9242      1.48271      1.60228      1.48271
      13.4979      1.42677     0.174790     0.976215     0.174790
      13.5201      2.20409      1.39613      1.41243      1.39613
      13.5423      1.99902     0.155301      1.05936     0.155301
      13.5645      3.85107     0.482825      1.25113     0.482825
      13.5867      1.86113      5.92909      1.21680      5.92909
      13.6088      1.69723      1.12346      1.03820      1.12346
      13.6310      2.14163      4.18211     0.962313      4.18211
      13.6532      6.42065      3.41715      1.27731      3.41715
      13.6754      1.82473     0.183630      1.16429     0.183630
      13.6976      7.55191     0.726317      2.21084     0.726317
      13.7198      1.20961     0.213667      1.00546     0.213667
      13.7419      1.86014     0.651625      1.20980     0.651625
      13.7641     0.950000     0.190049      1.03649     0.190049
      13.7863     0.950000      3.17542      1.43366      3.17542
      13.8085      1.45897     0.191299     0.969078     0.191299
      13.8307      1.19758      1.57055      1.00173      1.57055
      13.8529      1.15228     0.350167      1.03768     0.350167
      13.8751      1.84423     0.237621      1.02336     0.237621
      13.8972      2.13885     0.526620      1.17298     0.526620
      13.9194      1.63700      5.14262      1.24643      5.14262
      13.9416      1.34758     0.130941     0.978054     0.130941
      13.9638      2.08849     0.324110      1.37341     0.324110
      13.9860         -NaN          NaN         -NaN          NaN
