      0.00000      232.740      63.2631
      1.00000      233.245      63.0299
      2.00000      233.746      62.8008
      3.00000      234.242      62.5756
      4.00000      234.734      62.3544
      5.00000      235.223      62.1368
      6.00000      235.707      61.9230
      7.00000      236.189      61.7127
      8.00000      236.666      61.5060
      9.00000      237.140      61.3027
      10.0000      237.611      61.1028
      11.0000      238.079      60.9062
      12.0000      238.543      60.7128
      13.0000      239.004      60.5226
      14.0000      239.463      60.3354
      15.0000      239.919      60.1514
      16.0000      240.371      59.9703
      17.0000      240.821      59.7922
      18.0000      241.269      59.6169
      19.0000      241.714      59.4445
      20.0000      242.156      59.2749
      21.0000      242.596      59.1080
      22.0000      243.034      58.9438
      23.0000      243.470      58.7823
      24.0000      243.903      58.6234
      25.0000      244.334      58.4670
      26.0000      244.763      58.3132
      27.0000      245.190      58.1620
      28.0000      245.614      58.0131
      29.0000      246.037      57.8667
      30.0000      246.458      57.7227
      31.0000      246.877      57.5811
      32.0000      247.295      57.4418
      33.0000      247.710      57.3048
      34.0000      248.124      57.1701
      35.0000      248.536      57.0377
      36.0000      248.947      56.9074
      37.0000      249.355      56.7794
      38.0000      249.763      56.6535
      39.0000      250.169      56.5298
      40.0000      250.573      56.4082
      41.0000      250.976      56.2887
      42.0000      251.377      56.1712
      43.0000      251.777      56.0559
      44.0000      252.176      55.9425
      45.0000      252.574      55.8312
      46.0000      252.970      55.7219
      47.0000      253.365      55.6145
      48.0000      253.758      55.5091
      49.0000      254.151      55.4057
      50.0000      254.542      55.3041
      51.0000      254.932      55.2045
      52.0000      255.321      55.1068
      53.0000      255.709      55.0109
      54.0000      256.096      54.9169
      55.0000      256.482      54.8247
      56.0000      256.867      54.7344
      57.0000      257.251      54.6459
      58.0000      257.634      54.5592
      59.0000      258.016      54.4742
      60.0000      258.397      54.3911
      61.0000      258.778      54.3097
      62.0000      259.157      54.2300
      63.0000      259.536      54.1521
      64.0000      259.914      54.0760
      65.0000      260.291      54.0015
      66.0000      260.667      53.9287
      67.0000      261.042      53.8577
      68.0000      261.417      53.7883
      69.0000      261.791      53.7206
      70.0000      262.164      53.6546
      71.0000      262.537      53.5902
      72.0000      262.909      53.5275
      73.0000      263.281      53.4664
      74.0000      263.651      53.4069
      75.0000      264.022      53.3491
      76.0000      264.391      53.2929
      77.0000      264.760      53.2383
      78.0000      265.129      53.1853
      79.0000      265.497      53.1339
      80.0000      265.864      53.0841
      81.0000      266.231      53.0358
      82.0000      266.598      52.9892
      83.0000      266.964      52.9441
      84.0000      267.330      52.9005
      85.0000      267.695      52.8586
      86.0000      268.060      52.8182
      87.0000      268.424      52.7793
      88.0000      268.788      52.7420
      89.0000      269.152      52.7062
      90.0000      269.515      52.6719
      91.0000      269.878      52.6392
      92.0000      270.241      52.6080
      93.0000      270.603      52.5783
      94.0000      270.966      52.5502
      95.0000      271.327      52.5235
      96.0000      271.689      52.4984
      97.0000      272.051      52.4748
      98.0000      272.412      52.4527
      99.0000      272.773      52.4321
      100.000      273.133      52.4130
      101.000      273.494      52.3954
      102.000      273.855      52.3792
      103.000      274.215      52.3646
      104.000      274.575      52.3515
      105.000      274.935      52.3399
      106.000      275.295      52.3297
      107.000      275.655      52.3211
      108.000      276.015      52.3139
      109.000      276.374      52.3082
      110.000      276.734      52.3040
      111.000      277.094      52.3013
      112.000      277.453      52.3001
      113.000      277.813      52.3003
      114.000      278.173      52.3021
      115.000      278.532      52.3053
      116.000      278.892      52.3100
      117.000      279.252      52.3162
      118.000      279.611      52.3239
      119.000      279.971      52.3331
      120.000      280.331      52.3438
      121.000      280.691      52.3559
      122.000      281.052      52.3696
      123.000      281.412      52.3847
      124.000      281.772      52.4014
      125.000      282.133      52.4195
      126.000      282.494      52.4391
      127.000      282.855      52.4603
      128.000      283.216      52.4829
      129.000      283.578      52.5071
      130.000      283.940      52.5327
      131.000      284.302      52.5599
      132.000      284.664      52.5886
      133.000      285.026      52.6188
      134.000      285.389      52.6505
      135.000      285.752      52.6838
      136.000      286.116      52.7186
      137.000      286.480      52.7549
      138.000      286.844      52.7928
      139.000      287.208      52.8322
      140.000      287.573      52.8731
      141.000      287.939      52.9156
      142.000      288.305      52.9597
      143.000      288.671      53.0054
      144.000      289.037      53.0526
      145.000      289.405      53.1014
      146.000      289.772      53.1517
      147.000      290.141      53.2037
      148.000      290.509      53.2573
      149.000      290.878      53.3124
      150.000      291.248      53.3692
      151.000      291.619      53.4276
      152.000      291.990      53.4876
      153.000      292.361      53.5493
      154.000      292.734      53.6126
      155.000      293.107      53.6776
      156.000      293.480      53.7442
      157.000      293.854      53.8125
      158.000      294.229      53.8824
      159.000      294.605      53.9541
      160.000      294.982      54.0274
      161.000      295.359      54.1025
      162.000      295.737      54.1793
      163.000      296.116      54.2578
      164.000      296.496      54.3381
      165.000      296.876      54.4201
      166.000      297.258      54.5038
      167.000      297.640      54.5894
      168.000      298.023      54.6768
      169.000      298.408      54.7659
      170.000      298.793      54.8569
      171.000      299.179      54.9497
      172.000      299.567      55.0444
      173.000      299.955      55.1409
      174.000      300.345      55.2393
      175.000      300.735      55.3396
      176.000      301.127      55.4418
      177.000      301.520      55.5459
      178.000      301.914      55.6520
      179.000      302.309      55.7600
      180.000      302.706      55.8701
      181.000      303.104      55.9821
      182.000      303.503      56.0961
      183.000      303.903      56.2122
      184.000      304.305      56.3304
      185.000      304.709      56.4506
      186.000      305.114      56.5730
      187.000      305.520      56.6974
      188.000      305.928      56.8241
      189.000      306.337      56.9529
      190.000      306.748      57.0839
      191.000      307.161      57.2171
      192.000      307.576      57.3526
      193.000      307.992      57.4904
      194.000      308.410      57.6306
      195.000      308.829      57.7730
      196.000      309.251      57.9178
      197.000      309.675      58.0651
      198.000      310.100      58.2148
      199.000      310.528      58.3669
      200.000      310.957      58.5216
      201.000      311.389      58.6789
      202.000      311.823      58.8387
      203.000      312.259      59.0011
      204.000      312.698      59.1662
      205.000      313.139      59.3341
      206.000      313.582      59.5047
      207.000      314.028      59.6781
      208.000      314.476      59.8543
      209.000      314.927      60.0335
      210.000      315.381      60.2156
      211.000      315.838      60.4008
      212.000      316.297      60.5890
      213.000      316.760      60.7803
      214.000      317.225      60.9748
      215.000      317.694      61.1726
      216.000      318.166      61.3737
      217.000      318.641      61.5782
      218.000      319.120      61.7861
      219.000      319.602      61.9976
      220.000      320.088      62.2128
      221.000      320.578      62.4316
      222.000      321.072      62.6542
      223.000      321.570      62.8808
      224.000      322.072      63.1113
      225.000      322.578      63.3459
      226.000      323.089      63.5847
      227.000      323.605      63.8278
      228.000      324.125      64.0754
      229.000      324.651      64.3275
      230.000      325.181      64.5844
      231.000      325.718      64.8461
      232.000      326.259      65.1127
      233.000      326.807      65.3846
      234.000      327.361      65.6618
      235.000      327.921      65.9445
      236.000      328.488      66.2329
      237.000      329.062      66.5273
      238.000      329.644      66.8278
      239.000      330.233      67.1347
