      0.00000      236.370      63.2631
      1.00000      236.875      63.0299
      2.00000      237.376      62.8008
      3.00000      237.872      62.5756
      4.00000      238.364      62.3544
      5.00000      238.853      62.1368
      6.00000      239.337      61.9230
      7.00000      239.819      61.7127
      8.00000      240.296      61.5060
      9.00000      240.770      61.3027
      10.0000      241.241      61.1028
      11.0000      241.709      60.9062
      12.0000      242.173      60.7128
      13.0000      242.634      60.5226
      14.0000      243.093      60.3354
      15.0000      243.549      60.1514
      16.0000      244.001      59.9703
      17.0000      244.451      59.7922
      18.0000      244.899      59.6169
      19.0000      245.344      59.4445
      20.0000      245.786      59.2749
      21.0000      246.226      59.1080
      22.0000      246.664      58.9438
      23.0000      247.100      58.7823
      24.0000      247.533      58.6234
      25.0000      247.964      58.4670
      26.0000      248.393      58.3132
      27.0000      248.820      58.1620
      28.0000      249.244      58.0131
      29.0000      249.667      57.8667
      30.0000      250.088      57.7227
      31.0000      250.507      57.5811
      32.0000      250.925      57.4418
      33.0000      251.340      57.3048
      34.0000      251.754      57.1701
      35.0000      252.166      57.0377
      36.0000      252.577      56.9074
      37.0000      252.985      56.7794
      38.0000      253.393      56.6535
      39.0000      253.799      56.5298
      40.0000      254.203      56.4082
      41.0000      254.606      56.2887
      42.0000      255.007      56.1712
      43.0000      255.407      56.0559
      44.0000      255.806      55.9425
      45.0000      256.204      55.8312
      46.0000      256.600      55.7219
      47.0000      256.995      55.6145
      48.0000      257.388      55.5091
      49.0000      257.781      55.4057
      50.0000      258.172      55.3041
      51.0000      258.562      55.2045
      52.0000      258.951      55.1068
      53.0000      259.339      55.0109
      54.0000      259.726      54.9169
      55.0000      260.112      54.8247
      56.0000      260.497      54.7344
      57.0000      260.881      54.6459
      58.0000      261.264      54.5592
      59.0000      261.646      54.4742
      60.0000      262.027      54.3911
      61.0000      262.408      54.3097
      62.0000      262.787      54.2300
      63.0000      263.166      54.1521
      64.0000      263.544      54.0760
      65.0000      263.921      54.0015
      66.0000      264.297      53.9287
      67.0000      264.672      53.8577
      68.0000      265.047      53.7883
      69.0000      265.421      53.7206
      70.0000      265.794      53.6546
      71.0000      266.167      53.5902
      72.0000      266.539      53.5275
      73.0000      266.911      53.4664
      74.0000      267.281      53.4069
      75.0000      267.652      53.3491
      76.0000      268.021      53.2929
      77.0000      268.390      53.2383
      78.0000      268.759      53.1853
      79.0000      269.127      53.1339
      80.0000      269.494      53.0841
      81.0000      269.861      53.0358
      82.0000      270.228      52.9892
      83.0000      270.594      52.9441
      84.0000      270.960      52.9005
      85.0000      271.325      52.8586
      86.0000      271.690      52.8182
      87.0000      272.054      52.7793
      88.0000      272.418      52.7420
      89.0000      272.782      52.7062
      90.0000      273.145      52.6719
      91.0000      273.508      52.6392
      92.0000      273.871      52.6080
      93.0000      274.233      52.5783
      94.0000      274.596      52.5502
      95.0000      274.957      52.5235
      96.0000      275.319      52.4984
      97.0000      275.681      52.4748
      98.0000      276.042      52.4527
      99.0000      276.403      52.4321
      100.000      276.763      52.4130
      101.000      277.124      52.3954
      102.000      277.485      52.3792
      103.000      277.845      52.3646
      104.000      278.205      52.3515
      105.000      278.565      52.3399
      106.000      278.925      52.3297
      107.000      279.285      52.3211
      108.000      279.645      52.3139
      109.000      280.004      52.3082
      110.000      280.364      52.3040
      111.000      280.724      52.3013
      112.000      281.083      52.3001
      113.000      281.443      52.3003
      114.000      281.803      52.3021
      115.000      282.162      52.3053
      116.000      282.522      52.3100
      117.000      282.882      52.3162
      118.000      283.241      52.3239
      119.000      283.601      52.3331
      120.000      283.961      52.3438
      121.000      284.321      52.3559
      122.000      284.682      52.3696
      123.000      285.042      52.3847
      124.000      285.402      52.4014
      125.000      285.763      52.4195
      126.000      286.124      52.4391
      127.000      286.485      52.4603
      128.000      286.846      52.4829
      129.000      287.208      52.5071
      130.000      287.570      52.5327
      131.000      287.932      52.5599
      132.000      288.294      52.5886
      133.000      288.656      52.6188
      134.000      289.019      52.6505
      135.000      289.382      52.6838
      136.000      289.746      52.7186
      137.000      290.110      52.7549
      138.000      290.474      52.7928
      139.000      290.838      52.8322
      140.000      291.203      52.8731
      141.000      291.569      52.9156
      142.000      291.935      52.9597
      143.000      292.301      53.0054
      144.000      292.667      53.0526
      145.000      293.035      53.1014
      146.000      293.402      53.1517
      147.000      293.771      53.2037
      148.000      294.139      53.2573
      149.000      294.508      53.3124
      150.000      294.878      53.3692
      151.000      295.249      53.4276
      152.000      295.620      53.4876
      153.000      295.991      53.5493
      154.000      296.364      53.6126
      155.000      296.737      53.6776
      156.000      297.110      53.7442
      157.000      297.484      53.8125
      158.000      297.859      53.8824
      159.000      298.235      53.9541
      160.000      298.612      54.0274
      161.000      298.989      54.1025
      162.000      299.367      54.1793
      163.000      299.746      54.2578
      164.000      300.126      54.3381
      165.000      300.506      54.4201
      166.000      300.888      54.5038
      167.000      301.270      54.5894
      168.000      301.654      54.6768
      169.000      302.038      54.7659
      170.000      302.423      54.8569
      171.000      302.809      54.9497
      172.000      303.197      55.0444
      173.000      303.585      55.1409
      174.000      303.975      55.2393
      175.000      304.365      55.3396
      176.000      304.757      55.4418
      177.000      305.150      55.5459
      178.000      305.544      55.6520
      179.000      305.939      55.7600
      180.000      306.336      55.8701
      181.000      306.734      55.9821
      182.000      307.133      56.0961
      183.000      307.533      56.2122
      184.000      307.935      56.3304
      185.000      308.339      56.4506
      186.000      308.744      56.5730
      187.000      309.150      56.6974
      188.000      309.558      56.8241
      189.000      309.967      56.9529
      190.000      310.378      57.0839
      191.000      310.791      57.2171
      192.000      311.206      57.3526
      193.000      311.622      57.4904
      194.000      312.040      57.6306
      195.000      312.459      57.7730
      196.000      312.881      57.9178
      197.000      313.305      58.0651
      198.000      313.730      58.2148
      199.000      314.158      58.3669
      200.000      314.587      58.5216
      201.000      315.019      58.6789
      202.000      315.453      58.8387
      203.000      315.889      59.0011
      204.000      316.328      59.1662
      205.000      316.769      59.3341
      206.000      317.212      59.5047
      207.000      317.658      59.6781
      208.000      318.106      59.8543
      209.000      318.557      60.0335
      210.000      319.011      60.2156
      211.000      319.468      60.4008
      212.000      319.927      60.5890
      213.000      320.390      60.7803
      214.000      320.855      60.9748
      215.000      321.324      61.1726
      216.000      321.796      61.3737
      217.000      322.271      61.5782
      218.000      322.750      61.7861
      219.000      323.232      61.9976
      220.000      323.718      62.2128
      221.000      324.208      62.4316
      222.000      324.702      62.6542
      223.000      325.200      62.8808
      224.000      325.702      63.1113
      225.000      326.208      63.3459
      226.000      326.719      63.5847
      227.000      327.235      63.8278
      228.000      327.755      64.0754
      229.000      328.281      64.3275
      230.000      328.811      64.5844
      231.000      329.348      64.8461
      232.000      329.889      65.1127
      233.000      330.437      65.3846
      234.000      330.991      65.6618
      235.000      331.551      65.9445
      236.000      332.118      66.2329
      237.000      332.692      66.5273
      238.000      333.274      66.8278
      239.000      333.863      67.1347
